T0 [2, 1, 0, 0, 0, 0, 0, 1, 1, 0] Thread-0 23
T0 [1, 2, 0, 0, 0, 0, 0, 1, 1, 0] Thread-1 24
T1 [1, 1, 1, 0, 0, 0, 0, 0, 1, 0] Thread-2 24
T0 [0, 2, 1, 0, 0, 0, 0, 0, 1, 0] Thread-0 25
T6 [0, 1, 1, 0, 0, 1, 0, 0, 0, 0] Thread-4 25
T2 [0, 1, 0, 1, 0, 1, 0, 0, 0, 0] Thread-2 25
T7 [0, 1, 0, 1, 0, 0, 1, 0, 0, 0] Thread-4 26
T3 [0, 1, 0, 0, 0, 0, 1, 1, 0, 1] Thread-2 26
T9 [1, 1, 0, 0, 0, 0, 1, 1, 0, 0] Thread-5 26
T0 [0, 2, 0, 0, 0, 0, 1, 1, 0, 0] Thread-1 26
T8 [0, 2, 0, 0, 0, 0, 0, 1, 1, 1] Thread-4 27
T9 [1, 2, 0, 0, 0, 0, 0, 1, 1, 0] Thread-6 27
T4 [1, 1, 0, 0, 1, 0, 0, 0, 0, 0] Thread-3 28
T0 [0, 2, 0, 0, 1, 0, 0, 0, 0, 0] Thread-0 28
T5 [0, 2, 0, 0, 0, 0, 0, 1, 1, 1] Thread-3 28
T9 [1, 2, 0, 0, 0, 0, 0, 1, 1, 0] Thread-5 29
T6 [1, 1, 0, 0, 0, 1, 0, 1, 0, 0] Thread-4 29
T1 [1, 0, 1, 0, 0, 1, 0, 0, 0, 0] Thread-2 29
T0 [0, 1, 1, 0, 0, 1, 0, 0, 0, 0] Thread-1 30
T7 [0, 1, 1, 0, 0, 0, 1, 0, 0, 0] Thread-4 30
T2 [0, 1, 0, 1, 0, 0, 1, 0, 0, 0] Thread-2 31
T8 [0, 1, 0, 1, 0, 0, 0, 0, 1, 1] Thread-4 31
T9 [1, 1, 0, 1, 0, 0, 0, 0, 1, 0] Thread-6 31
T0 [0, 2, 0, 1, 0, 0, 0, 0, 1, 0] Thread-0 31
T3 [0, 2, 0, 0, 0, 0, 0, 1, 1, 1] Thread-2 32
T9 [1, 2, 0, 0, 0, 0, 0, 1, 1, 0] Thread-5 32
T0 [0, 3, 0, 0, 0, 0, 0, 1, 1, 0] Thread-1 32
T4 [0, 2, 0, 0, 1, 0, 0, 0, 0, 0] Thread-3 32
T5 [0, 2, 0, 0, 0, 0, 0, 1, 1, 1] Thread-3 33
T6 [0, 1, 0, 0, 0, 1, 0, 1, 0, 1] Thread-4 33
T1 [0, 0, 1, 0, 0, 1, 0, 0, 0, 1] Thread-2 33
T9 [1, 0, 1, 0, 0, 1, 0, 0, 0, 0] Thread-6 33
T0 [0, 1, 1, 0, 0, 1, 0, 0, 0, 0] Thread-0 34
T7 [0, 1, 1, 0, 0, 0, 1, 0, 0, 0] Thread-4 34
T2 [0, 1, 0, 1, 0, 0, 1, 0, 0, 0] Thread-2 34
T8 [0, 1, 0, 1, 0, 0, 0, 0, 1, 1] Thread-4 35
T9 [1, 1, 0, 1, 0, 0, 0, 0, 1, 0] Thread-5 35
T0 [0, 2, 0, 1, 0, 0, 0, 0, 1, 0] Thread-1 35
T3 [0, 2, 0, 0, 0, 0, 0, 1, 1, 1] Thread-2 35
T4 [0, 1, 0, 0, 1, 0, 0, 0, 0, 1] Thread-3 36
T9 [1, 1, 0, 0, 1, 0, 0, 0, 0, 0] Thread-6 36
T0 [0, 2, 0, 0, 1, 0, 0, 0, 0, 0] Thread-0 36
T5 [0, 2, 0, 0, 0, 0, 0, 1, 1, 1] Thread-3 37
T1 [0, 1, 1, 0, 0, 0, 0, 0, 1, 1] Thread-2 37
T9 [1, 1, 1, 0, 0, 0, 0, 0, 1, 0] Thread-5 37
T0 [0, 2, 1, 0, 0, 0, 0, 0, 1, 0] Thread-1 38
T6 [0, 1, 1, 0, 0, 1, 0, 0, 0, 0] Thread-4 38
T2 [0, 1, 0, 1, 0, 1, 0, 0, 0, 0] Thread-2 38
T7 [0, 1, 0, 1, 0, 0, 1, 0, 0, 0] Thread-4 39
T3 [0, 1, 0, 0, 0, 0, 1, 1, 0, 1] Thread-2 39
T9 [1, 1, 0, 0, 0, 0, 1, 1, 0, 0] Thread-6 39
T0 [0, 2, 0, 0, 0, 0, 1, 1, 0, 0] Thread-0 40
T8 [0, 2, 0, 0, 0, 0, 0, 1, 1, 1] Thread-4 40
T9 [1, 2, 0, 0, 0, 0, 0, 1, 1, 0] Thread-5 40
T4 [1, 1, 0, 0, 1, 0, 0, 0, 0, 0] Thread-3 40
T0 [0, 2, 0, 0, 1, 0, 0, 0, 0, 0] Thread-1 41
T5 [0, 2, 0, 0, 0, 0, 0, 1, 1, 1] Thread-3 41
T1 [0, 1, 1, 0, 0, 0, 0, 0, 1, 1] Thread-2 41
T6 [0, 0, 1, 0, 0, 1, 0, 0, 0, 1] Thread-4 41
T9 [1, 0, 1, 0, 0, 1, 0, 0, 0, 0] Thread-6 41
T0 [0, 1, 1, 0, 0, 1, 0, 0, 0, 0] Thread-0 42
T2 [0, 1, 0, 1, 0, 1, 0, 0, 0, 0] Thread-2 42
T7 [0, 1, 0, 1, 0, 0, 1, 0, 0, 0] Thread-4 42
T3 [0, 1, 0, 0, 0, 0, 1, 1, 0, 1] Thread-2 42
T9 [1, 1, 0, 0, 0, 0, 1, 1, 0, 0] Thread-5 43
T0 [0, 2, 0, 0, 0, 0, 1, 1, 0, 0] Thread-1 43
T8 [0, 2, 0, 0, 0, 0, 0, 1, 1, 1] Thread-4 43
T4 [0, 1, 0, 0, 1, 0, 0, 0, 0, 1] Thread-3 43
T9 [1, 1, 0, 0, 1, 0, 0, 0, 0, 0] Thread-6 44
T0 [0, 2, 0, 0, 1, 0, 0, 0, 0, 0] Thread-0 44
T5 [0, 2, 0, 0, 0, 0, 0, 1, 1, 1] Thread-3 44
T1 [0, 1, 1, 0, 0, 0, 0, 0, 1, 1] Thread-2 45
T9 [1, 1, 1, 0, 0, 0, 0, 0, 1, 0] Thread-5 45
T6 [1, 0, 1, 0, 0, 1, 0, 0, 0, 0] Thread-4 45
T0 [0, 1, 1, 0, 0, 1, 0, 0, 0, 0] Thread-1 45
T2 [0, 1, 0, 1, 0, 1, 0, 0, 0, 0] Thread-2 46
T7 [0, 1, 0, 1, 0, 0, 1, 0, 0, 0] Thread-4 46
T3 [0, 1, 0, 0, 0, 0, 1, 1, 0, 1] Thread-2 46
T9 [1, 1, 0, 0, 0, 0, 1, 1, 0, 0] Thread-6 46
T0 [0, 2, 0, 0, 0, 0, 1, 1, 0, 0] Thread-0 47
T8 [0, 2, 0, 0, 0, 0, 0, 1, 1, 1] Thread-4 47
T9 [1, 2, 0, 0, 0, 0, 0, 1, 1, 0] Thread-5 47
T4 [1, 1, 0, 0, 1, 0, 0, 0, 0, 0] Thread-3 47
T0 [0, 2, 0, 0, 1, 0, 0, 0, 0, 0] Thread-1 48
T5 [0, 2, 0, 0, 0, 0, 0, 1, 1, 1] Thread-3 48
T1 [0, 1, 1, 0, 0, 0, 0, 0, 1, 1] Thread-2 48
T6 [0, 0, 1, 0, 0, 1, 0, 0, 0, 1] Thread-4 48
T9 [1, 0, 1, 0, 0, 1, 0, 0, 0, 0] Thread-6 48
T0 [0, 1, 1, 0, 0, 1, 0, 0, 0, 0] Thread-0 49
T2 [0, 1, 0, 1, 0, 1, 0, 0, 0, 0] Thread-2 49
T7 [0, 1, 0, 1, 0, 0, 1, 0, 0, 0] Thread-4 49
T3 [0, 1, 0, 0, 0, 0, 1, 1, 0, 1] Thread-2 49
T9 [1, 1, 0, 0, 0, 0, 1, 1, 0, 0] Thread-5 50
T0 [0, 2, 0, 0, 0, 0, 1, 1, 0, 0] Thread-1 50
T8 [0, 2, 0, 0, 0, 0, 0, 1, 1, 1] Thread-4 50
T4 [0, 1, 0, 0, 1, 0, 0, 0, 0, 1] Thread-3 50
T9 [1, 1, 0, 0, 1, 0, 0, 0, 0, 0] Thread-6 51
T0 [0, 2, 0, 0, 1, 0, 0, 0, 0, 0] Thread-0 51
T5 [0, 2, 0, 0, 0, 0, 0, 1, 1, 1] Thread-3 51
T6 [0, 1, 0, 0, 0, 1, 0, 1, 0, 1] Thread-4 51
T9 [1, 1, 0, 0, 0, 1, 0, 1, 0, 0] Thread-5 51
T1 [1, 0, 1, 0, 0, 1, 0, 0, 0, 0] Thread-2 51
T0 [0, 1, 1, 0, 0, 1, 0, 0, 0, 0] Thread-1 52
T7 [0, 1, 1, 0, 0, 0, 1, 0, 0, 0] Thread-4 52
T2 [0, 1, 0, 1, 0, 0, 1, 0, 0, 0] Thread-2 52
T8 [0, 1, 0, 1, 0, 0, 0, 0, 1, 1] Thread-4 52
T9 [1, 1, 0, 1, 0, 0, 0, 0, 1, 0] Thread-6 52
T0 [0, 2, 0, 1, 0, 0, 0, 0, 1, 0] Thread-0 52
T3 [0, 2, 0, 0, 0, 0, 0, 1, 1, 1] Thread-2 53
T9 [1, 2, 0, 0, 0, 0, 0, 1, 1, 0] Thread-5 53
T4 [1, 1, 0, 0, 1, 0, 0, 0, 0, 0] Thread-3 53
T0 [0, 2, 0, 0, 1, 0, 0, 0, 0, 0] Thread-1 53
T5 [0, 2, 0, 0, 0, 0, 0, 1, 1, 1] Thread-3 53
T1 [0, 1, 1, 0, 0, 0, 0, 0, 1, 1] Thread-2 53
T9 [1, 1, 1, 0, 0, 0, 0, 0, 1, 0] Thread-6 54
T6 [1, 0, 1, 0, 0, 1, 0, 0, 0, 0] Thread-4 54
T0 [0, 1, 1, 0, 0, 1, 0, 0, 0, 0] Thread-0 54
T2 [0, 1, 0, 1, 0, 1, 0, 0, 0, 0] Thread-2 54
T7 [0, 1, 0, 1, 0, 0, 1, 0, 0, 0] Thread-4 54
T3 [0, 1, 0, 0, 0, 0, 1, 1, 0, 1] Thread-2 55
T9 [1, 1, 0, 0, 0, 0, 1, 1, 0, 0] Thread-5 55
T0 [0, 2, 0, 0, 0, 0, 1, 1, 0, 0] Thread-1 55
T8 [0, 2, 0, 0, 0, 0, 0, 1, 1, 1] Thread-4 55
T9 [1, 2, 0, 0, 0, 0, 0, 1, 1, 0] Thread-6 55
T4 [1, 1, 0, 0, 1, 0, 0, 0, 0, 0] Thread-3 55
T0 [0, 2, 0, 0, 1, 0, 0, 0, 0, 0] Thread-0 56
T5 [0, 2, 0, 0, 0, 0, 0, 1, 1, 1] Thread-3 56
T1 [0, 1, 1, 0, 0, 0, 0, 0, 1, 1] Thread-2 56
T6 [0, 0, 1, 0, 0, 1, 0, 0, 0, 1] Thread-4 56
T9 [1, 0, 1, 0, 0, 1, 0, 0, 0, 0] Thread-5 56
T0 [0, 1, 1, 0, 0, 1, 0, 0, 0, 0] Thread-1 56
T2 [0, 1, 0, 1, 0, 1, 0, 0, 0, 0] Thread-2 57
T7 [0, 1, 0, 1, 0, 0, 1, 0, 0, 0] Thread-4 57
T3 [0, 1, 0, 0, 0, 0, 1, 1, 0, 1] Thread-2 57
T9 [1, 1, 0, 0, 0, 0, 1, 1, 0, 0] Thread-6 57
T0 [0, 2, 0, 0, 0, 0, 1, 1, 0, 0] Thread-0 57
T8 [0, 2, 0, 0, 0, 0, 0, 1, 1, 1] Thread-4 57
T9 [1, 2, 0, 0, 0, 0, 0, 1, 1, 0] Thread-5 57
T4 [1, 1, 0, 0, 1, 0, 0, 0, 0, 0] Thread-3 58
T0 [0, 2, 0, 0, 1, 0, 0, 0, 0, 0] Thread-1 58
T5 [0, 2, 0, 0, 0, 0, 0, 1, 1, 1] Thread-3 58
T9 [1, 2, 0, 0, 0, 0, 0, 1, 1, 0] Thread-6 58
T6 [1, 1, 0, 0, 0, 1, 0, 1, 0, 0] Thread-4 58
T1 [1, 0, 1, 0, 0, 1, 0, 0, 0, 0] Thread-2 59
T0 [0, 1, 1, 0, 0, 1, 0, 0, 0, 0] Thread-0 59
T7 [0, 1, 1, 0, 0, 0, 1, 0, 0, 0] Thread-4 59
T2 [0, 1, 0, 1, 0, 0, 1, 0, 0, 0] Thread-2 59
T8 [0, 1, 0, 1, 0, 0, 0, 0, 1, 1] Thread-4 59
T9 [1, 1, 0, 1, 0, 0, 0, 0, 1, 0] Thread-5 59
T0 [0, 2, 0, 1, 0, 0, 0, 0, 1, 0] Thread-1 59
T3 [0, 2, 0, 0, 0, 0, 0, 1, 1, 1] Thread-2 59
T4 [0, 1, 0, 0, 1, 0, 0, 0, 0, 1] Thread-3 60
T9 [1, 1, 0, 0, 1, 0, 0, 0, 0, 0] Thread-6 60
T0 [0, 2, 0, 0, 1, 0, 0, 0, 0, 0] Thread-0 60
T5 [0, 2, 0, 0, 0, 0, 0, 1, 1, 1] Thread-3 60
T6 [0, 1, 0, 0, 0, 1, 0, 1, 0, 1] Thread-4 60
T9 [1, 1, 0, 0, 0, 1, 0, 1, 0, 0] Thread-5 60
T0 [0, 2, 0, 0, 0, 1, 0, 1, 0, 0] Thread-1 61
T1 [0, 1, 1, 0, 0, 1, 0, 0, 0, 0] Thread-2 61
T7 [0, 1, 1, 0, 0, 0, 1, 0, 0, 0] Thread-4 61
T2 [0, 1, 0, 1, 0, 0, 1, 0, 0, 0] Thread-2 61
T8 [0, 1, 0, 1, 0, 0, 0, 0, 1, 1] Thread-4 61
T9 [1, 1, 0, 1, 0, 0, 0, 0, 1, 0] Thread-6 61
T0 [0, 2, 0, 1, 0, 0, 0, 0, 1, 0] Thread-0 61
T3 [0, 2, 0, 0, 0, 0, 0, 1, 1, 1] Thread-2 62
T9 [1, 2, 0, 0, 0, 0, 0, 1, 1, 0] Thread-5 62
T0 [0, 3, 0, 0, 0, 0, 0, 1, 1, 0] Thread-1 62
T4 [0, 2, 0, 0, 1, 0, 0, 0, 0, 0] Thread-3 62
T5 [0, 2, 0, 0, 0, 0, 0, 1, 1, 1] Thread-3 62
T9 [1, 2, 0, 0, 0, 0, 0, 1, 1, 0] Thread-6 62
T1 [1, 1, 1, 0, 0, 0, 0, 0, 1, 0] Thread-2 62
T0 [0, 2, 1, 0, 0, 0, 0, 0, 1, 0] Thread-0 63
T6 [0, 1, 1, 0, 0, 1, 0, 0, 0, 0] Thread-4 63
T2 [0, 1, 0, 1, 0, 1, 0, 0, 0, 0] Thread-2 63
T7 [0, 1, 0, 1, 0, 0, 1, 0, 0, 0] Thread-4 63
T3 [0, 1, 0, 0, 0, 0, 1, 1, 0, 1] Thread-2 63
T9 [1, 1, 0, 0, 0, 0, 1, 1, 0, 0] Thread-5 63
T0 [0, 2, 0, 0, 0, 0, 1, 1, 0, 0] Thread-1 64
T8 [0, 2, 0, 0, 0, 0, 0, 1, 1, 1] Thread-4 64
T9 [1, 2, 0, 0, 0, 0, 0, 1, 1, 0] Thread-6 64
T0 [0, 3, 0, 0, 0, 0, 0, 1, 1, 0] Thread-0 64
T4 [0, 2, 0, 0, 1, 0, 0, 0, 0, 0] Thread-3 64
T5 [0, 2, 0, 0, 0, 0, 0, 1, 1, 1] Thread-3 64
T6 [0, 1, 0, 0, 0, 1, 0, 1, 0, 1] Thread-4 65
T1 [0, 0, 1, 0, 0, 1, 0, 0, 0, 1] Thread-2 65
T9 [1, 0, 1, 0, 0, 1, 0, 0, 0, 0] Thread-5 65
T0 [0, 1, 1, 0, 0, 1, 0, 0, 0, 0] Thread-1 65
T7 [0, 1, 1, 0, 0, 0, 1, 0, 0, 0] Thread-4 65
T2 [0, 1, 0, 1, 0, 0, 1, 0, 0, 0] Thread-2 66
T8 [0, 1, 0, 1, 0, 0, 0, 0, 1, 1] Thread-4 66
T9 [1, 1, 0, 1, 0, 0, 0, 0, 1, 0] Thread-6 66
T0 [0, 2, 0, 1, 0, 0, 0, 0, 1, 0] Thread-0 67
T3 [0, 2, 0, 0, 0, 0, 0, 1, 1, 1] Thread-2 67
T4 [0, 1, 0, 0, 1, 0, 0, 0, 0, 1] Thread-3 67
T9 [1, 1, 0, 0, 1, 0, 0, 0, 0, 0] Thread-5 67
T0 [0, 2, 0, 0, 1, 0, 0, 0, 0, 0] Thread-1 67
T5 [0, 2, 0, 0, 0, 0, 0, 1, 1, 1] Thread-3 68
T1 [0, 1, 1, 0, 0, 0, 0, 0, 1, 1] Thread-2 68
T6 [0, 0, 1, 0, 0, 1, 0, 0, 0, 1] Thread-4 68
T9 [1, 0, 1, 0, 0, 1, 0, 0, 0, 0] Thread-6 68
T0 [0, 1, 1, 0, 0, 1, 0, 0, 0, 0] Thread-0 68
T2 [0, 1, 0, 1, 0, 1, 0, 0, 0, 0] Thread-2 68
T7 [0, 1, 0, 1, 0, 0, 1, 0, 0, 0] Thread-4 69
T3 [0, 1, 0, 0, 0, 0, 1, 1, 0, 1] Thread-2 69
T9 [1, 1, 0, 0, 0, 0, 1, 1, 0, 0] Thread-5 69
T0 [0, 2, 0, 0, 0, 0, 1, 1, 0, 0] Thread-1 69
T8 [0, 2, 0, 0, 0, 0, 0, 1, 1, 1] Thread-4 69
T4 [0, 1, 0, 0, 1, 0, 0, 0, 0, 1] Thread-3 69
T9 [1, 1, 0, 0, 1, 0, 0, 0, 0, 0] Thread-6 69
T0 [0, 2, 0, 0, 1, 0, 0, 0, 0, 0] Thread-0 70
T5 [0, 2, 0, 0, 0, 0, 0, 1, 1, 1] Thread-3 70
T6 [0, 1, 0, 0, 0, 1, 0, 1, 0, 1] Thread-4 70
T9 [1, 1, 0, 0, 0, 1, 0, 1, 0, 0] Thread-5 70
T0 [0, 2, 0, 0, 0, 1, 0, 1, 0, 0] Thread-1 70
T1 [0, 1, 1, 0, 0, 1, 0, 0, 0, 0] Thread-2 70
T7 [0, 1, 1, 0, 0, 0, 1, 0, 0, 0] Thread-4 70
T2 [0, 1, 0, 1, 0, 0, 1, 0, 0, 0] Thread-2 70
T8 [0, 1, 0, 1, 0, 0, 0, 0, 1, 1] Thread-4 70
T9 [1, 1, 0, 1, 0, 0, 0, 0, 1, 0] Thread-6 70
T0 [0, 2, 0, 1, 0, 0, 0, 0, 1, 0] Thread-0 70
T3 [0, 2, 0, 0, 0, 0, 0, 1, 1, 1] Thread-2 71
T9 [1, 2, 0, 0, 0, 0, 0, 1, 1, 0] Thread-5 71
T4 [1, 1, 0, 0, 1, 0, 0, 0, 0, 0] Thread-3 71
T0 [0, 2, 0, 0, 1, 0, 0, 0, 0, 0] Thread-1 71
T5 [0, 2, 0, 0, 0, 0, 0, 1, 1, 1] Thread-3 71
T9 [1, 2, 0, 0, 0, 0, 0, 1, 1, 0] Thread-6 71
T1 [1, 1, 1, 0, 0, 0, 0, 0, 1, 0] Thread-2 71
T6 [1, 0, 1, 0, 0, 1, 0, 0, 0, 0] Thread-4 71
T0 [0, 1, 1, 0, 0, 1, 0, 0, 0, 0] Thread-0 71
T2 [0, 1, 0, 1, 0, 1, 0, 0, 0, 0] Thread-2 72
T7 [0, 1, 0, 1, 0, 0, 1, 0, 0, 0] Thread-4 72
T3 [0, 1, 0, 0, 0, 0, 1, 1, 0, 1] Thread-2 72
T9 [1, 1, 0, 0, 0, 0, 1, 1, 0, 0] Thread-5 72
T0 [0, 2, 0, 0, 0, 0, 1, 1, 0, 0] Thread-1 72
T8 [0, 2, 0, 0, 0, 0, 0, 1, 1, 1] Thread-4 72
T9 [1, 2, 0, 0, 0, 0, 0, 1, 1, 0] Thread-6 72
T0 [0, 3, 0, 0, 0, 0, 0, 1, 1, 0] Thread-0 72
T4 [0, 2, 0, 0, 1, 0, 0, 0, 0, 0] Thread-3 72
T5 [0, 2, 0, 0, 0, 0, 0, 1, 1, 1] Thread-3 73
T9 [1, 2, 0, 0, 0, 0, 0, 1, 1, 0] Thread-5 73
T1 [1, 1, 1, 0, 0, 0, 0, 0, 1, 0] Thread-2 73
T0 [0, 2, 1, 0, 0, 0, 0, 0, 1, 0] Thread-1 73
T6 [0, 1, 1, 0, 0, 1, 0, 0, 0, 0] Thread-4 73
T2 [0, 1, 0, 1, 0, 1, 0, 0, 0, 0] Thread-2 73
T7 [0, 1, 0, 1, 0, 0, 1, 0, 0, 0] Thread-4 73
T3 [0, 1, 0, 0, 0, 0, 1, 1, 0, 1] Thread-2 73
T9 [1, 1, 0, 0, 0, 0, 1, 1, 0, 0] Thread-6 73
T0 [0, 2, 0, 0, 0, 0, 1, 1, 0, 0] Thread-0 73
T8 [0, 2, 0, 0, 0, 0, 0, 1, 1, 1] Thread-4 74
T4 [0, 1, 0, 0, 1, 0, 0, 0, 0, 1] Thread-3 74
T9 [1, 1, 0, 0, 1, 0, 0, 0, 0, 0] Thread-5 74
T0 [0, 2, 0, 0, 1, 0, 0, 0, 0, 0] Thread-1 74
T5 [0, 2, 0, 0, 0, 0, 0, 1, 1, 1] Thread-3 74
T9 [1, 2, 0, 0, 0, 0, 0, 1, 1, 0] Thread-6 74
T1 [1, 1, 1, 0, 0, 0, 0, 0, 1, 0] Thread-2 74
T0 [0, 2, 1, 0, 0, 0, 0, 0, 1, 0] Thread-0 74
T6 [0, 1, 1, 0, 0, 1, 0, 0, 0, 0] Thread-4 74
T2 [0, 1, 0, 1, 0, 1, 0, 0, 0, 0] Thread-2 74
T7 [0, 1, 0, 1, 0, 0, 1, 0, 0, 0] Thread-4 75
T3 [0, 1, 0, 0, 0, 0, 1, 1, 0, 1] Thread-2 75
T9 [1, 1, 0, 0, 0, 0, 1, 1, 0, 0] Thread-5 75
T0 [0, 2, 0, 0, 0, 0, 1, 1, 0, 0] Thread-1 75
T8 [0, 2, 0, 0, 0, 0, 0, 1, 1, 1] Thread-4 75
T4 [0, 1, 0, 0, 1, 0, 0, 0, 0, 1] Thread-3 75
T9 [1, 1, 0, 0, 1, 0, 0, 0, 0, 0] Thread-6 75
T0 [0, 2, 0, 0, 1, 0, 0, 0, 0, 0] Thread-0 75
T5 [0, 2, 0, 0, 0, 0, 0, 1, 1, 1] Thread-3 76
T9 [1, 2, 0, 0, 0, 0, 0, 1, 1, 0] Thread-5 76
T6 [1, 1, 0, 0, 0, 1, 0, 1, 0, 0] Thread-4 76
T1 [1, 0, 1, 0, 0, 1, 0, 0, 0, 0] Thread-2 76
T0 [0, 1, 1, 0, 0, 1, 0, 0, 0, 0] Thread-1 76
T7 [0, 1, 1, 0, 0, 0, 1, 0, 0, 0] Thread-4 76
T2 [0, 1, 0, 1, 0, 0, 1, 0, 0, 0] Thread-2 76
T8 [0, 1, 0, 1, 0, 0, 0, 0, 1, 1] Thread-4 76
T9 [1, 1, 0, 1, 0, 0, 0, 0, 1, 0] Thread-6 76
T0 [0, 2, 0, 1, 0, 0, 0, 0, 1, 0] Thread-0 76
T3 [0, 2, 0, 0, 0, 0, 0, 1, 1, 1] Thread-2 76
T4 [0, 1, 0, 0, 1, 0, 0, 0, 0, 1] Thread-3 76
T9 [1, 1, 0, 0, 1, 0, 0, 0, 0, 0] Thread-5 77
T0 [0, 2, 0, 0, 1, 0, 0, 0, 0, 0] Thread-1 77
T5 [0, 2, 0, 0, 0, 0, 0, 1, 1, 1] Thread-3 77
T1 [0, 1, 1, 0, 0, 0, 0, 0, 1, 1] Thread-2 77
T6 [0, 0, 1, 0, 0, 1, 0, 0, 0, 1] Thread-4 77
T9 [1, 0, 1, 0, 0, 1, 0, 0, 0, 0] Thread-6 77
T0 [0, 1, 1, 0, 0, 1, 0, 0, 0, 0] Thread-0 77
T2 [0, 1, 0, 1, 0, 1, 0, 0, 0, 0] Thread-2 77
T7 [0, 1, 0, 1, 0, 0, 1, 0, 0, 0] Thread-4 77
T3 [0, 1, 0, 0, 0, 0, 1, 1, 0, 1] Thread-2 77
T9 [1, 1, 0, 0, 0, 0, 1, 1, 0, 0] Thread-5 77
T0 [0, 2, 0, 0, 0, 0, 1, 1, 0, 0] Thread-1 77
T8 [0, 2, 0, 0, 0, 0, 0, 1, 1, 1] Thread-4 78
T9 [1, 2, 0, 0, 0, 0, 0, 1, 1, 0] Thread-6 78
T0 [0, 3, 0, 0, 0, 0, 0, 1, 1, 0] Thread-0 78
T4 [0, 2, 0, 0, 1, 0, 0, 0, 0, 0] Thread-3 78
T5 [0, 2, 0, 0, 0, 0, 0, 1, 1, 1] Thread-3 78
T6 [0, 1, 0, 0, 0, 1, 0, 1, 0, 1] Thread-4 78
T1 [0, 0, 1, 0, 0, 1, 0, 0, 0, 1] Thread-2 78
T9 [1, 0, 1, 0, 0, 1, 0, 0, 0, 0] Thread-5 78
T0 [0, 1, 1, 0, 0, 1, 0, 0, 0, 0] Thread-1 78
T7 [0, 1, 1, 0, 0, 0, 1, 0, 0, 0] Thread-4 78
T2 [0, 1, 0, 1, 0, 0, 1, 0, 0, 0] Thread-2 78
T8 [0, 1, 0, 1, 0, 0, 0, 0, 1, 1] Thread-4 79
T9 [1, 1, 0, 1, 0, 0, 0, 0, 1, 0] Thread-6 79
T0 [0, 2, 0, 1, 0, 0, 0, 0, 1, 0] Thread-0 79
T3 [0, 2, 0, 0, 0, 0, 0, 1, 1, 1] Thread-2 79
T9 [1, 2, 0, 0, 0, 0, 0, 1, 1, 0] Thread-5 79
T4 [1, 1, 0, 0, 1, 0, 0, 0, 0, 0] Thread-3 79
T0 [0, 2, 0, 0, 1, 0, 0, 0, 0, 0] Thread-1 79
T5 [0, 2, 0, 0, 0, 0, 0, 1, 1, 1] Thread-3 79
T6 [0, 1, 0, 0, 0, 1, 0, 1, 0, 1] Thread-4 79
T1 [0, 0, 1, 0, 0, 1, 0, 0, 0, 1] Thread-2 79
T9 [1, 0, 1, 0, 0, 1, 0, 0, 0, 0] Thread-6 79
T0 [0, 1, 1, 0, 0, 1, 0, 0, 0, 0] Thread-0 79
T7 [0, 1, 1, 0, 0, 0, 1, 0, 0, 0] Thread-4 79
T2 [0, 1, 0, 1, 0, 0, 1, 0, 0, 0] Thread-2 79
T8 [0, 1, 0, 1, 0, 0, 0, 0, 1, 1] Thread-4 80
T9 [1, 1, 0, 1, 0, 0, 0, 0, 1, 0] Thread-5 80
T0 [0, 2, 0, 1, 0, 0, 0, 0, 1, 0] Thread-1 80
T3 [0, 2, 0, 0, 0, 0, 0, 1, 1, 1] Thread-2 80
T4 [0, 1, 0, 0, 1, 0, 0, 0, 0, 1] Thread-3 80
T9 [1, 1, 0, 0, 1, 0, 0, 0, 0, 0] Thread-6 80
T0 [0, 2, 0, 0, 1, 0, 0, 0, 0, 0] Thread-0 80
T5 [0, 2, 0, 0, 0, 0, 0, 1, 1, 1] Thread-3 80
T9 [1, 2, 0, 0, 0, 0, 0, 1, 1, 0] Thread-5 80
T1 [1, 1, 1, 0, 0, 0, 0, 0, 1, 0] Thread-2 80
T6 [1, 0, 1, 0, 0, 1, 0, 0, 0, 0] Thread-4 80
T0 [0, 1, 1, 0, 0, 1, 0, 0, 0, 0] Thread-1 81
T2 [0, 1, 0, 1, 0, 1, 0, 0, 0, 0] Thread-2 81
T7 [0, 1, 0, 1, 0, 0, 1, 0, 0, 0] Thread-4 81
T3 [0, 1, 0, 0, 0, 0, 1, 1, 0, 1] Thread-2 81
T9 [1, 1, 0, 0, 0, 0, 1, 1, 0, 0] Thread-6 81
T0 [0, 2, 0, 0, 0, 0, 1, 1, 0, 0] Thread-0 81
T8 [0, 2, 0, 0, 0, 0, 0, 1, 1, 1] Thread-4 81
T4 [0, 1, 0, 0, 1, 0, 0, 0, 0, 1] Thread-3 81
T9 [1, 1, 0, 0, 1, 0, 0, 0, 0, 0] Thread-5 81
T0 [0, 2, 0, 0, 1, 0, 0, 0, 0, 0] Thread-1 81
T5 [0, 2, 0, 0, 0, 0, 0, 1, 1, 1] Thread-3 81
T9 [1, 2, 0, 0, 0, 0, 0, 1, 1, 0] Thread-6 82
T6 [1, 1, 0, 0, 0, 1, 0, 1, 0, 0] Thread-4 82
T0 [0, 2, 0, 0, 0, 1, 0, 1, 0, 0] Thread-0 82
T1 [0, 1, 1, 0, 0, 1, 0, 0, 0, 0] Thread-2 82
T7 [0, 1, 1, 0, 0, 0, 1, 0, 0, 0] Thread-4 82
T2 [0, 1, 0, 1, 0, 0, 1, 0, 0, 0] Thread-2 82
T8 [0, 1, 0, 1, 0, 0, 0, 0, 1, 1] Thread-4 82
T9 [1, 1, 0, 1, 0, 0, 0, 0, 1, 0] Thread-5 82
T0 [0, 2, 0, 1, 0, 0, 0, 0, 1, 0] Thread-1 82
T3 [0, 2, 0, 0, 0, 0, 0, 1, 1, 1] Thread-2 82
T4 [0, 1, 0, 0, 1, 0, 0, 0, 0, 1] Thread-3 82
T9 [1, 1, 0, 0, 1, 0, 0, 0, 0, 0] Thread-6 83
T0 [0, 2, 0, 0, 1, 0, 0, 0, 0, 0] Thread-0 83
T5 [0, 2, 0, 0, 0, 0, 0, 1, 1, 1] Thread-3 83
T6 [0, 1, 0, 0, 0, 1, 0, 1, 0, 1] Thread-4 83
T1 [0, 0, 1, 0, 0, 1, 0, 0, 0, 1] Thread-2 83
T9 [1, 0, 1, 0, 0, 1, 0, 0, 0, 0] Thread-5 83
T0 [0, 1, 1, 0, 0, 1, 0, 0, 0, 0] Thread-1 83
T7 [0, 1, 1, 0, 0, 0, 1, 0, 0, 0] Thread-4 83
T2 [0, 1, 0, 1, 0, 0, 1, 0, 0, 0] Thread-2 83
T8 [0, 1, 0, 1, 0, 0, 0, 0, 1, 1] Thread-4 83
T9 [1, 1, 0, 1, 0, 0, 0, 0, 1, 0] Thread-6 83
T0 [0, 2, 0, 1, 0, 0, 0, 0, 1, 0] Thread-0 83
T3 [0, 2, 0, 0, 0, 0, 0, 1, 1, 1] Thread-2 83
T4 [0, 1, 0, 0, 1, 0, 0, 0, 0, 1] Thread-3 83
T9 [1, 1, 0, 0, 1, 0, 0, 0, 0, 0] Thread-5 84
T0 [0, 2, 0, 0, 1, 0, 0, 0, 0, 0] Thread-1 84
T5 [0, 2, 0, 0, 0, 0, 0, 1, 1, 1] Thread-3 84
T6 [0, 1, 0, 0, 0, 1, 0, 1, 0, 1] Thread-4 84
T1 [0, 0, 1, 0, 0, 1, 0, 0, 0, 1] Thread-2 84
T9 [1, 0, 1, 0, 0, 1, 0, 0, 0, 0] Thread-6 84
T0 [0, 1, 1, 0, 0, 1, 0, 0, 0, 0] Thread-0 84
T7 [0, 1, 1, 0, 0, 0, 1, 0, 0, 0] Thread-4 84
T2 [0, 1, 0, 1, 0, 0, 1, 0, 0, 0] Thread-2 84
T8 [0, 1, 0, 1, 0, 0, 0, 0, 1, 1] Thread-4 84
T9 [1, 1, 0, 1, 0, 0, 0, 0, 1, 0] Thread-5 84
T0 [0, 2, 0, 1, 0, 0, 0, 0, 1, 0] Thread-1 84
T3 [0, 2, 0, 0, 0, 0, 0, 1, 1, 1] Thread-2 84
T4 [0, 1, 0, 0, 1, 0, 0, 0, 0, 1] Thread-3 84
T9 [1, 1, 0, 0, 1, 0, 0, 0, 0, 0] Thread-6 85
T0 [0, 2, 0, 0, 1, 0, 0, 0, 0, 0] Thread-0 85
T5 [0, 2, 0, 0, 0, 0, 0, 1, 1, 1] Thread-3 85
T1 [0, 1, 1, 0, 0, 0, 0, 0, 1, 1] Thread-2 85
T6 [0, 0, 1, 0, 0, 1, 0, 0, 0, 1] Thread-4 85
T9 [1, 0, 1, 0, 0, 1, 0, 0, 0, 0] Thread-5 85
T0 [0, 1, 1, 0, 0, 1, 0, 0, 0, 0] Thread-1 85
T2 [0, 1, 0, 1, 0, 1, 0, 0, 0, 0] Thread-2 85
T7 [0, 1, 0, 1, 0, 0, 1, 0, 0, 0] Thread-4 85
T3 [0, 1, 0, 0, 0, 0, 1, 1, 0, 1] Thread-2 85
T9 [1, 1, 0, 0, 0, 0, 1, 1, 0, 0] Thread-6 86
T0 [0, 2, 0, 0, 0, 0, 1, 1, 0, 0] Thread-0 86
T8 [0, 2, 0, 0, 0, 0, 0, 1, 1, 1] Thread-4 86
T4 [0, 1, 0, 0, 1, 0, 0, 0, 0, 1] Thread-3 86
T9 [1, 1, 0, 0, 1, 0, 0, 0, 0, 0] Thread-5 86
T0 [0, 2, 0, 0, 1, 0, 0, 0, 0, 0] Thread-1 86
T5 [0, 2, 0, 0, 0, 0, 0, 1, 1, 1] Thread-3 86
T9 [1, 2, 0, 0, 0, 0, 0, 1, 1, 0] Thread-6 86
T6 [1, 1, 0, 0, 0, 1, 0, 1, 0, 0] Thread-4 86
T0 [0, 2, 0, 0, 0, 1, 0, 1, 0, 0] Thread-0 86
T1 [0, 1, 1, 0, 0, 1, 0, 0, 0, 0] Thread-2 87
T7 [0, 1, 1, 0, 0, 0, 1, 0, 0, 0] Thread-4 87
T2 [0, 1, 0, 1, 0, 0, 1, 0, 0, 0] Thread-2 87
T8 [0, 1, 0, 1, 0, 0, 0, 0, 1, 1] Thread-4 87
T9 [1, 1, 0, 1, 0, 0, 0, 0, 1, 0] Thread-5 87
T0 [0, 2, 0, 1, 0, 0, 0, 0, 1, 0] Thread-1 87
T3 [0, 2, 0, 0, 0, 0, 0, 1, 1, 1] Thread-2 87
T4 [0, 1, 0, 0, 1, 0, 0, 0, 0, 1] Thread-3 87
T9 [1, 1, 0, 0, 1, 0, 0, 0, 0, 0] Thread-6 87
T0 [0, 2, 0, 0, 1, 0, 0, 0, 0, 0] Thread-0 87
T5 [0, 2, 0, 0, 0, 0, 0, 1, 1, 1] Thread-3 87
T1 [0, 1, 1, 0, 0, 0, 0, 0, 1, 1] Thread-2 88
T6 [0, 0, 1, 0, 0, 1, 0, 0, 0, 1] Thread-4 88
T9 [1, 0, 1, 0, 0, 1, 0, 0, 0, 0] Thread-5 88
T0 [0, 1, 1, 0, 0, 1, 0, 0, 0, 0] Thread-1 88
T2 [0, 1, 0, 1, 0, 1, 0, 0, 0, 0] Thread-2 88
T7 [0, 1, 0, 1, 0, 0, 1, 0, 0, 0] Thread-4 88
T3 [0, 1, 0, 0, 0, 0, 1, 1, 0, 1] Thread-2 88
T9 [1, 1, 0, 0, 0, 0, 1, 1, 0, 0] Thread-6 88
T0 [0, 2, 0, 0, 0, 0, 1, 1, 0, 0] Thread-0 88
T8 [0, 2, 0, 0, 0, 0, 0, 1, 1, 1] Thread-4 88
T9 [1, 2, 0, 0, 0, 0, 0, 1, 1, 0] Thread-5 89
T4 [1, 1, 0, 0, 1, 0, 0, 0, 0, 0] Thread-3 89
T0 [0, 2, 0, 0, 1, 0, 0, 0, 0, 0] Thread-1 89
T5 [0, 2, 0, 0, 0, 0, 0, 1, 1, 1] Thread-3 89
T9 [1, 2, 0, 0, 0, 0, 0, 1, 1, 0] Thread-6 89
T1 [1, 1, 1, 0, 0, 0, 0, 0, 1, 0] Thread-2 89
T6 [1, 0, 1, 0, 0, 1, 0, 0, 0, 0] Thread-4 89
T0 [0, 1, 1, 0, 0, 1, 0, 0, 0, 0] Thread-0 89
T2 [0, 1, 0, 1, 0, 1, 0, 0, 0, 0] Thread-2 89
T7 [0, 1, 0, 1, 0, 0, 1, 0, 0, 0] Thread-4 89
T3 [0, 1, 0, 0, 0, 0, 1, 1, 0, 1] Thread-2 89
T9 [1, 1, 0, 0, 0, 0, 1, 1, 0, 0] Thread-5 89
T0 [0, 2, 0, 0, 0, 0, 1, 1, 0, 0] Thread-1 89
T8 [0, 2, 0, 0, 0, 0, 0, 1, 1, 1] Thread-4 89
T4 [0, 1, 0, 0, 1, 0, 0, 0, 0, 1] Thread-3 89
T9 [1, 1, 0, 0, 1, 0, 0, 0, 0, 0] Thread-6 90
T0 [0, 2, 0, 0, 1, 0, 0, 0, 0, 0] Thread-0 90
T5 [0, 2, 0, 0, 0, 0, 0, 1, 1, 1] Thread-3 90
T9 [1, 2, 0, 0, 0, 0, 0, 1, 1, 0] Thread-5 90
T1 [1, 1, 1, 0, 0, 0, 0, 0, 1, 0] Thread-2 90
T6 [1, 0, 1, 0, 0, 1, 0, 0, 0, 0] Thread-4 90
T0 [0, 1, 1, 0, 0, 1, 0, 0, 0, 0] Thread-1 90
T2 [0, 1, 0, 1, 0, 1, 0, 0, 0, 0] Thread-2 90
T7 [0, 1, 0, 1, 0, 0, 1, 0, 0, 0] Thread-4 90
T3 [0, 1, 0, 0, 0, 0, 1, 1, 0, 1] Thread-2 90
T9 [1, 1, 0, 0, 0, 0, 1, 1, 0, 0] Thread-6 90
T0 [0, 2, 0, 0, 0, 0, 1, 1, 0, 0] Thread-0 90
T8 [0, 2, 0, 0, 0, 0, 0, 1, 1, 1] Thread-4 90
T4 [0, 1, 0, 0, 1, 0, 0, 0, 0, 1] Thread-3 90
T9 [1, 1, 0, 0, 1, 0, 0, 0, 0, 0] Thread-5 91
T0 [0, 2, 0, 0, 1, 0, 0, 0, 0, 0] Thread-1 91
T5 [0, 2, 0, 0, 0, 0, 0, 1, 1, 1] Thread-3 91
T1 [0, 1, 1, 0, 0, 0, 0, 0, 1, 1] Thread-2 91
T6 [0, 0, 1, 0, 0, 1, 0, 0, 0, 1] Thread-4 91
T9 [1, 0, 1, 0, 0, 1, 0, 0, 0, 0] Thread-6 91
T0 [0, 1, 1, 0, 0, 1, 0, 0, 0, 0] Thread-0 91
T2 [0, 1, 0, 1, 0, 1, 0, 0, 0, 0] Thread-2 91
T7 [0, 1, 0, 1, 0, 0, 1, 0, 0, 0] Thread-4 91
T3 [0, 1, 0, 0, 0, 0, 1, 1, 0, 1] Thread-2 91
T9 [1, 1, 0, 0, 0, 0, 1, 1, 0, 0] Thread-5 91
T0 [0, 2, 0, 0, 0, 0, 1, 1, 0, 0] Thread-1 92
T8 [0, 2, 0, 0, 0, 0, 0, 1, 1, 1] Thread-4 92
T9 [1, 2, 0, 0, 0, 0, 0, 1, 1, 0] Thread-6 92
T4 [1, 1, 0, 0, 1, 0, 0, 0, 0, 0] Thread-3 92
T0 [0, 2, 0, 0, 1, 0, 0, 0, 0, 0] Thread-0 92
T5 [0, 2, 0, 0, 0, 0, 0, 1, 1, 1] Thread-3 92
T9 [1, 2, 0, 0, 0, 0, 0, 1, 1, 0] Thread-5 92
T0 [0, 3, 0, 0, 0, 0, 0, 1, 1, 0] Thread-1 92
T6 [0, 2, 0, 0, 0, 1, 0, 1, 0, 0] Thread-4 92
T1 [0, 1, 1, 0, 0, 1, 0, 0, 0, 0] Thread-2 92
T7 [0, 1, 1, 0, 0, 0, 1, 0, 0, 0] Thread-4 92
T2 [0, 1, 0, 1, 0, 0, 1, 0, 0, 0] Thread-2 92
T8 [0, 1, 0, 1, 0, 0, 0, 0, 1, 1] Thread-4 92
T9 [1, 1, 0, 1, 0, 0, 0, 0, 1, 0] Thread-6 92
T0 [0, 2, 0, 1, 0, 0, 0, 0, 1, 0] Thread-0 93
T3 [0, 2, 0, 0, 0, 0, 0, 1, 1, 1] Thread-2 93
T9 [1, 2, 0, 0, 0, 0, 0, 1, 1, 0] Thread-5 93
T0 [0, 3, 0, 0, 0, 0, 0, 1, 1, 0] Thread-1 93
T4 [0, 2, 0, 0, 1, 0, 0, 0, 0, 0] Thread-3 93
T5 [0, 2, 0, 0, 0, 0, 0, 1, 1, 1] Thread-3 93
T1 [0, 1, 1, 0, 0, 0, 0, 0, 1, 1] Thread-2 93
T9 [1, 1, 1, 0, 0, 0, 0, 0, 1, 0] Thread-6 93
T0 [0, 2, 1, 0, 0, 0, 0, 0, 1, 0] Thread-0 93
T6 [0, 1, 1, 0, 0, 1, 0, 0, 0, 0] Thread-4 93
T2 [0, 1, 0, 1, 0, 1, 0, 0, 0, 0] Thread-2 93
T7 [0, 1, 0, 1, 0, 0, 1, 0, 0, 0] Thread-4 93
T3 [0, 1, 0, 0, 0, 0, 1, 1, 0, 1] Thread-2 94
T9 [1, 1, 0, 0, 0, 0, 1, 1, 0, 0] Thread-5 94
T0 [0, 2, 0, 0, 0, 0, 1, 1, 0, 0] Thread-1 94
T8 [0, 2, 0, 0, 0, 0, 0, 1, 1, 1] Thread-4 94
T4 [0, 1, 0, 0, 1, 0, 0, 0, 0, 1] Thread-3 94
T9 [1, 1, 0, 0, 1, 0, 0, 0, 0, 0] Thread-6 94
T0 [0, 2, 0, 0, 1, 0, 0, 0, 0, 0] Thread-0 94
T5 [0, 2, 0, 0, 0, 0, 0, 1, 1, 1] Thread-3 94
T1 [0, 1, 1, 0, 0, 0, 0, 0, 1, 1] Thread-2 94
T6 [0, 0, 1, 0, 0, 1, 0, 0, 0, 1] Thread-4 94
T9 [1, 0, 1, 0, 0, 1, 0, 0, 0, 0] Thread-5 94
T0 [0, 1, 1, 0, 0, 1, 0, 0, 0, 0] Thread-1 95
T2 [0, 1, 0, 1, 0, 1, 0, 0, 0, 0] Thread-2 95
T7 [0, 1, 0, 1, 0, 0, 1, 0, 0, 0] Thread-4 95
T3 [0, 1, 0, 0, 0, 0, 1, 1, 0, 1] Thread-2 95
T9 [1, 1, 0, 0, 0, 0, 1, 1, 0, 0] Thread-6 95
T0 [0, 2, 0, 0, 0, 0, 1, 1, 0, 0] Thread-0 95
T8 [0, 2, 0, 0, 0, 0, 0, 1, 1, 1] Thread-4 95
T4 [0, 1, 0, 0, 1, 0, 0, 0, 0, 1] Thread-3 95
T9 [1, 1, 0, 0, 1, 0, 0, 0, 0, 0] Thread-5 95
T0 [0, 2, 0, 0, 1, 0, 0, 0, 0, 0] Thread-1 95
T5 [0, 2, 0, 0, 0, 0, 0, 1, 1, 1] Thread-3 95
T9 [1, 2, 0, 0, 0, 0, 0, 1, 1, 0] Thread-6 95
T1 [1, 1, 1, 0, 0, 0, 0, 0, 1, 0] Thread-2 96
T6 [1, 0, 1, 0, 0, 1, 0, 0, 0, 0] Thread-4 96
T0 [0, 1, 1, 0, 0, 1, 0, 0, 0, 0] Thread-0 96
T2 [0, 1, 0, 1, 0, 1, 0, 0, 0, 0] Thread-2 96
T7 [0, 1, 0, 1, 0, 0, 1, 0, 0, 0] Thread-4 96
T3 [0, 1, 0, 0, 0, 0, 1, 1, 0, 1] Thread-2 96
T9 [1, 1, 0, 0, 0, 0, 1, 1, 0, 0] Thread-5 96
T0 [0, 2, 0, 0, 0, 0, 1, 1, 0, 0] Thread-1 96
T8 [0, 2, 0, 0, 0, 0, 0, 1, 1, 1] Thread-4 96
T4 [0, 1, 0, 0, 1, 0, 0, 0, 0, 1] Thread-3 96
T9 [1, 1, 0, 0, 1, 0, 0, 0, 0, 0] Thread-6 97
T0 [0, 2, 0, 0, 1, 0, 0, 0, 0, 0] Thread-0 97
T5 [0, 2, 0, 0, 0, 0, 0, 1, 1, 1] Thread-3 97
T6 [0, 1, 0, 0, 0, 1, 0, 1, 0, 1] Thread-4 97
T1 [0, 0, 1, 0, 0, 1, 0, 0, 0, 1] Thread-2 97
T9 [1, 0, 1, 0, 0, 1, 0, 0, 0, 0] Thread-5 97
T0 [0, 1, 1, 0, 0, 1, 0, 0, 0, 0] Thread-1 97
T7 [0, 1, 1, 0, 0, 0, 1, 0, 0, 0] Thread-4 97
T2 [0, 1, 0, 1, 0, 0, 1, 0, 0, 0] Thread-2 97
T8 [0, 1, 0, 1, 0, 0, 0, 0, 1, 1] Thread-4 97
T9 [1, 1, 0, 1, 0, 0, 0, 0, 1, 0] Thread-6 97
T0 [0, 2, 0, 1, 0, 0, 0, 0, 1, 0] Thread-0 98
T3 [0, 2, 0, 0, 0, 0, 0, 1, 1, 1] Thread-2 98
T4 [0, 1, 0, 0, 1, 0, 0, 0, 0, 1] Thread-3 98
T9 [1, 1, 0, 0, 1, 0, 0, 0, 0, 0] Thread-5 98
T0 [0, 2, 0, 0, 1, 0, 0, 0, 0, 0] Thread-1 98
T5 [0, 2, 0, 0, 0, 0, 0, 1, 1, 1] Thread-3 98
T6 [0, 1, 0, 0, 0, 1, 0, 1, 0, 1] Thread-4 98
T1 [0, 0, 1, 0, 0, 1, 0, 0, 0, 1] Thread-2 98
T9 [1, 0, 1, 0, 0, 1, 0, 0, 0, 0] Thread-6 98
T0 [0, 1, 1, 0, 0, 1, 0, 0, 0, 0] Thread-0 98
T7 [0, 1, 1, 0, 0, 0, 1, 0, 0, 0] Thread-4 99
T2 [0, 1, 0, 1, 0, 0, 1, 0, 0, 0] Thread-2 99
T8 [0, 1, 0, 1, 0, 0, 0, 0, 1, 1] Thread-4 99
T9 [1, 1, 0, 1, 0, 0, 0, 0, 1, 0] Thread-5 99
T0 [0, 2, 0, 1, 0, 0, 0, 0, 1, 0] Thread-1 99
T3 [0, 2, 0, 0, 0, 0, 0, 1, 1, 1] Thread-2 99
T9 [1, 2, 0, 0, 0, 0, 0, 1, 1, 0] Thread-6 99
T4 [1, 1, 0, 0, 1, 0, 0, 0, 0, 0] Thread-3 99
T0 [0, 2, 0, 0, 1, 0, 0, 0, 0, 0] Thread-0 99
T5 [0, 2, 0, 0, 0, 0, 0, 1, 1, 1] Thread-3 99
T6 [0, 1, 0, 0, 0, 1, 0, 1, 0, 1] Thread-4 99
T1 [0, 0, 1, 0, 0, 1, 0, 0, 0, 1] Thread-2 100
T9 [1, 0, 1, 0, 0, 1, 0, 0, 0, 0] Thread-5 100
T0 [0, 1, 1, 0, 0, 1, 0, 0, 0, 0] Thread-1 100
T7 [0, 1, 1, 0, 0, 0, 1, 0, 0, 0] Thread-4 100
T2 [0, 1, 0, 1, 0, 0, 1, 0, 0, 0] Thread-2 100
T8 [0, 1, 0, 1, 0, 0, 0, 0, 1, 1] Thread-4 100
T9 [1, 1, 0, 1, 0, 0, 0, 0, 1, 0] Thread-6 100
T0 [0, 2, 0, 1, 0, 0, 0, 0, 1, 0] Thread-0 100
T3 [0, 2, 0, 0, 0, 0, 0, 1, 1, 1] Thread-2 100
T4 [0, 1, 0, 0, 1, 0, 0, 0, 0, 1] Thread-3 100
T9 [1, 1, 0, 0, 1, 0, 0, 0, 0, 0] Thread-5 100
T0 [0, 2, 0, 0, 1, 0, 0, 0, 0, 0] Thread-1 100
T5 [0, 2, 0, 0, 0, 0, 0, 1, 1, 1] Thread-3 101
T6 [0, 1, 0, 0, 0, 1, 0, 1, 0, 1] Thread-4 101
T9 [1, 1, 0, 0, 0, 1, 0, 1, 0, 0] Thread-6 101
T0 [0, 2, 0, 0, 0, 1, 0, 1, 0, 0] Thread-0 101
T1 [0, 1, 1, 0, 0, 1, 0, 0, 0, 0] Thread-2 101
T7 [0, 1, 1, 0, 0, 0, 1, 0, 0, 0] Thread-4 101
T2 [0, 1, 0, 1, 0, 0, 1, 0, 0, 0] Thread-2 101
T8 [0, 1, 0, 1, 0, 0, 0, 0, 1, 1] Thread-4 101
T9 [1, 1, 0, 1, 0, 0, 0, 0, 1, 0] Thread-5 101
T0 [0, 2, 0, 1, 0, 0, 0, 0, 1, 0] Thread-1 101
T3 [0, 2, 0, 0, 0, 0, 0, 1, 1, 1] Thread-2 101
T4 [0, 1, 0, 0, 1, 0, 0, 0, 0, 1] Thread-3 101
T9 [1, 1, 0, 0, 1, 0, 0, 0, 0, 0] Thread-6 102
T0 [0, 2, 0, 0, 1, 0, 0, 0, 0, 0] Thread-0 102
T5 [0, 2, 0, 0, 0, 0, 0, 1, 1, 1] Thread-3 102
T9 [1, 2, 0, 0, 0, 0, 0, 1, 1, 0] Thread-5 102
T6 [1, 1, 0, 0, 0, 1, 0, 1, 0, 0] Thread-4 102
T1 [1, 0, 1, 0, 0, 1, 0, 0, 0, 0] Thread-2 102
T0 [0, 1, 1, 0, 0, 1, 0, 0, 0, 0] Thread-1 102
T7 [0, 1, 1, 0, 0, 0, 1, 0, 0, 0] Thread-4 102
T2 [0, 1, 0, 1, 0, 0, 1, 0, 0, 0] Thread-2 102
T8 [0, 1, 0, 1, 0, 0, 0, 0, 1, 1] Thread-4 103
T9 [1, 1, 0, 1, 0, 0, 0, 0, 1, 0] Thread-6 103
T0 [0, 2, 0, 1, 0, 0, 0, 0, 1, 0] Thread-0 103
T3 [0, 2, 0, 0, 0, 0, 0, 1, 1, 1] Thread-2 103
T9 [1, 2, 0, 0, 0, 0, 0, 1, 1, 0] Thread-5 103
T0 [0, 3, 0, 0, 0, 0, 0, 1, 1, 0] Thread-1 103
T4 [0, 2, 0, 0, 1, 0, 0, 0, 0, 0] Thread-3 103
T5 [0, 2, 0, 0, 0, 0, 0, 1, 1, 1] Thread-3 103
T6 [0, 1, 0, 0, 0, 1, 0, 1, 0, 1] Thread-4 103
T9 [1, 1, 0, 0, 0, 1, 0, 1, 0, 0] Thread-6 103
T1 [1, 0, 1, 0, 0, 1, 0, 0, 0, 0] Thread-2 103
T0 [0, 1, 1, 0, 0, 1, 0, 0, 0, 0] Thread-0 104
T7 [0, 1, 1, 0, 0, 0, 1, 0, 0, 0] Thread-4 104
T2 [0, 1, 0, 1, 0, 0, 1, 0, 0, 0] Thread-2 104
T8 [0, 1, 0, 1, 0, 0, 0, 0, 1, 1] Thread-4 104
T9 [1, 1, 0, 1, 0, 0, 0, 0, 1, 0] Thread-5 104
T0 [0, 2, 0, 1, 0, 0, 0, 0, 1, 0] Thread-1 104
T3 [0, 2, 0, 0, 0, 0, 0, 1, 1, 1] Thread-2 104
T9 [1, 2, 0, 0, 0, 0, 0, 1, 1, 0] Thread-6 104
T0 [0, 3, 0, 0, 0, 0, 0, 1, 1, 0] Thread-0 104
T4 [0, 2, 0, 0, 1, 0, 0, 0, 0, 0] Thread-3 104
T5 [0, 2, 0, 0, 0, 0, 0, 1, 1, 1] Thread-3 104
T1 [0, 1, 1, 0, 0, 0, 0, 0, 1, 1] Thread-2 105
T6 [0, 0, 1, 0, 0, 1, 0, 0, 0, 1] Thread-4 105
T9 [1, 0, 1, 0, 0, 1, 0, 0, 0, 0] Thread-5 105
T0 [0, 1, 1, 0, 0, 1, 0, 0, 0, 0] Thread-1 105
T2 [0, 1, 0, 1, 0, 1, 0, 0, 0, 0] Thread-2 105
T7 [0, 1, 0, 1, 0, 0, 1, 0, 0, 0] Thread-4 105
T3 [0, 1, 0, 0, 0, 0, 1, 1, 0, 1] Thread-2 105
T9 [1, 1, 0, 0, 0, 0, 1, 1, 0, 0] Thread-6 105
T0 [0, 2, 0, 0, 0, 0, 1, 1, 0, 0] Thread-0 106
T8 [0, 2, 0, 0, 0, 0, 0, 1, 1, 1] Thread-4 106
T4 [0, 1, 0, 0, 1, 0, 0, 0, 0, 1] Thread-3 106
T9 [1, 1, 0, 0, 1, 0, 0, 0, 0, 0] Thread-5 106
T0 [0, 2, 0, 0, 1, 0, 0, 0, 0, 0] Thread-1 106
T5 [0, 2, 0, 0, 0, 0, 0, 1, 1, 1] Thread-3 106
T9 [1, 2, 0, 0, 0, 0, 0, 1, 1, 0] Thread-6 106
T6 [1, 1, 0, 0, 0, 1, 0, 1, 0, 0] Thread-4 106
T1 [1, 0, 1, 0, 0, 1, 0, 0, 0, 0] Thread-2 107
T0 [0, 1, 1, 0, 0, 1, 0, 0, 0, 0] Thread-0 107
T7 [0, 1, 1, 0, 0, 0, 1, 0, 0, 0] Thread-4 107
T2 [0, 1, 0, 1, 0, 0, 1, 0, 0, 0] Thread-2 107
T8 [0, 1, 0, 1, 0, 0, 0, 0, 1, 1] Thread-4 107
T9 [1, 1, 0, 1, 0, 0, 0, 0, 1, 0] Thread-5 107
T0 [0, 2, 0, 1, 0, 0, 0, 0, 1, 0] Thread-1 107
T3 [0, 2, 0, 0, 0, 0, 0, 1, 1, 1] Thread-2 107
T4 [0, 1, 0, 0, 1, 0, 0, 0, 0, 1] Thread-3 107
T9 [1, 1, 0, 0, 1, 0, 0, 0, 0, 0] Thread-6 107
T0 [0, 2, 0, 0, 1, 0, 0, 0, 0, 0] Thread-0 108
T5 [0, 2, 0, 0, 0, 0, 0, 1, 1, 1] Thread-3 108
T1 [0, 1, 1, 0, 0, 0, 0, 0, 1, 1] Thread-2 108
T6 [0, 0, 1, 0, 0, 1, 0, 0, 0, 1] Thread-4 108
T9 [1, 0, 1, 0, 0, 1, 0, 0, 0, 0] Thread-5 108
T0 [0, 1, 1, 0, 0, 1, 0, 0, 0, 0] Thread-1 108
T2 [0, 1, 0, 1, 0, 1, 0, 0, 0, 0] Thread-2 108
T7 [0, 1, 0, 1, 0, 0, 1, 0, 0, 0] Thread-4 108
T3 [0, 1, 0, 0, 0, 0, 1, 1, 0, 1] Thread-2 108
T9 [1, 1, 0, 0, 0, 0, 1, 1, 0, 0] Thread-6 108
T0 [0, 2, 0, 0, 0, 0, 1, 1, 0, 0] Thread-0 109
T8 [0, 2, 0, 0, 0, 0, 0, 1, 1, 1] Thread-4 109
T4 [0, 1, 0, 0, 1, 0, 0, 0, 0, 1] Thread-3 109
T9 [1, 1, 0, 0, 1, 0, 0, 0, 0, 0] Thread-5 109
T0 [0, 2, 0, 0, 1, 0, 0, 0, 0, 0] Thread-1 109
T5 [0, 2, 0, 0, 0, 0, 0, 1, 1, 1] Thread-3 109
T1 [0, 1, 1, 0, 0, 0, 0, 0, 1, 1] Thread-2 109
T9 [1, 1, 1, 0, 0, 0, 0, 0, 1, 0] Thread-6 109
T6 [1, 0, 1, 0, 0, 1, 0, 0, 0, 0] Thread-4 109
T0 [0, 1, 1, 0, 0, 1, 0, 0, 0, 0] Thread-0 109
T2 [0, 1, 0, 1, 0, 1, 0, 0, 0, 0] Thread-2 109
T7 [0, 1, 0, 1, 0, 0, 1, 0, 0, 0] Thread-4 110
T3 [0, 1, 0, 0, 0, 0, 1, 1, 0, 1] Thread-2 110
T9 [1, 1, 0, 0, 0, 0, 1, 1, 0, 0] Thread-5 110
T0 [0, 2, 0, 0, 0, 0, 1, 1, 0, 0] Thread-1 110
T8 [0, 2, 0, 0, 0, 0, 0, 1, 1, 1] Thread-4 110
T9 [1, 2, 0, 0, 0, 0, 0, 1, 1, 0] Thread-6 110
T0 [0, 3, 0, 0, 0, 0, 0, 1, 1, 0] Thread-0 110
T4 [0, 2, 0, 0, 1, 0, 0, 0, 0, 0] Thread-3 110
T5 [0, 2, 0, 0, 0, 0, 0, 1, 1, 1] Thread-3 110
T6 [0, 1, 0, 0, 0, 1, 0, 1, 0, 1] Thread-4 110
T9 [1, 1, 0, 0, 0, 1, 0, 1, 0, 0] Thread-5 110
T1 [1, 0, 1, 0, 0, 1, 0, 0, 0, 0] Thread-2 110
T0 [0, 1, 1, 0, 0, 1, 0, 0, 0, 0] Thread-1 110
T7 [0, 1, 1, 0, 0, 0, 1, 0, 0, 0] Thread-4 111
T2 [0, 1, 0, 1, 0, 0, 1, 0, 0, 0] Thread-2 111
T8 [0, 1, 0, 1, 0, 0, 0, 0, 1, 1] Thread-4 111
T9 [1, 1, 0, 1, 0, 0, 0, 0, 1, 0] Thread-6 111
T0 [0, 2, 0, 1, 0, 0, 0, 0, 1, 0] Thread-0 111
T3 [0, 2, 0, 0, 0, 0, 0, 1, 1, 1] Thread-2 111
T4 [0, 1, 0, 0, 1, 0, 0, 0, 0, 1] Thread-3 111
T9 [1, 1, 0, 0, 1, 0, 0, 0, 0, 0] Thread-5 111
T0 [0, 2, 0, 0, 1, 0, 0, 0, 0, 0] Thread-1 111
T5 [0, 2, 0, 0, 0, 0, 0, 1, 1, 1] Thread-3 111
T1 [0, 1, 1, 0, 0, 0, 0, 0, 1, 1] Thread-2 111
T6 [0, 0, 1, 0, 0, 1, 0, 0, 0, 1] Thread-4 112
T9 [1, 0, 1, 0, 0, 1, 0, 0, 0, 0] Thread-6 112
T0 [0, 1, 1, 0, 0, 1, 0, 0, 0, 0] Thread-0 112
T2 [0, 1, 0, 1, 0, 1, 0, 0, 0, 0] Thread-2 112
T7 [0, 1, 0, 1, 0, 0, 1, 0, 0, 0] Thread-4 112
T3 [0, 1, 0, 0, 0, 0, 1, 1, 0, 1] Thread-2 112
T9 [1, 1, 0, 0, 0, 0, 1, 1, 0, 0] Thread-5 112
T0 [0, 2, 0, 0, 0, 0, 1, 1, 0, 0] Thread-1 112
T8 [0, 2, 0, 0, 0, 0, 0, 1, 1, 1] Thread-4 112
T4 [0, 1, 0, 0, 1, 0, 0, 0, 0, 1] Thread-3 112
T9 [1, 1, 0, 0, 1, 0, 0, 0, 0, 0] Thread-6 112
T0 [0, 2, 0, 0, 1, 0, 0, 0, 0, 0] Thread-0 112
T5 [0, 2, 0, 0, 0, 0, 0, 1, 1, 1] Thread-3 113
T1 [0, 1, 1, 0, 0, 0, 0, 0, 1, 1] Thread-2 113
T6 [0, 0, 1, 0, 0, 1, 0, 0, 0, 1] Thread-4 113
T9 [1, 0, 1, 0, 0, 1, 0, 0, 0, 0] Thread-5 113
T0 [0, 1, 1, 0, 0, 1, 0, 0, 0, 0] Thread-1 113
T2 [0, 1, 0, 1, 0, 1, 0, 0, 0, 0] Thread-2 113
T7 [0, 1, 0, 1, 0, 0, 1, 0, 0, 0] Thread-4 113
T3 [0, 1, 0, 0, 0, 0, 1, 1, 0, 1] Thread-2 113
T9 [1, 1, 0, 0, 0, 0, 1, 1, 0, 0] Thread-6 113
T0 [0, 2, 0, 0, 0, 0, 1, 1, 0, 0] Thread-0 113
T8 [0, 2, 0, 0, 0, 0, 0, 1, 1, 1] Thread-4 114
T4 [0, 1, 0, 0, 1, 0, 0, 0, 0, 1] Thread-3 114
T9 [1, 1, 0, 0, 1, 0, 0, 0, 0, 0] Thread-5 114
T0 [0, 2, 0, 0, 1, 0, 0, 0, 0, 0] Thread-1 114
T5 [0, 2, 0, 0, 0, 0, 0, 1, 1, 1] Thread-3 114
T9 [1, 2, 0, 0, 0, 0, 0, 1, 1, 0] Thread-6 114
T1 [1, 1, 1, 0, 0, 0, 0, 0, 1, 0] Thread-2 114
T6 [1, 0, 1, 0, 0, 1, 0, 0, 0, 0] Thread-4 114
T0 [0, 1, 1, 0, 0, 1, 0, 0, 0, 0] Thread-0 114
T2 [0, 1, 0, 1, 0, 1, 0, 0, 0, 0] Thread-2 115
T7 [0, 1, 0, 1, 0, 0, 1, 0, 0, 0] Thread-4 115
T3 [0, 1, 0, 0, 0, 0, 1, 1, 0, 1] Thread-2 115
T9 [1, 1, 0, 0, 0, 0, 1, 1, 0, 0] Thread-5 115
T0 [0, 2, 0, 0, 0, 0, 1, 1, 0, 0] Thread-1 115
T8 [0, 2, 0, 0, 0, 0, 0, 1, 1, 1] Thread-4 115
T4 [0, 1, 0, 0, 1, 0, 0, 0, 0, 1] Thread-3 115
T9 [1, 1, 0, 0, 1, 0, 0, 0, 0, 0] Thread-6 115
T0 [0, 2, 0, 0, 1, 0, 0, 0, 0, 0] Thread-0 115
T5 [0, 2, 0, 0, 0, 0, 0, 1, 1, 1] Thread-3 115
T1 [0, 1, 1, 0, 0, 0, 0, 0, 1, 1] Thread-2 116
T9 [1, 1, 1, 0, 0, 0, 0, 0, 1, 0] Thread-5 116
T0 [0, 2, 1, 0, 0, 0, 0, 0, 1, 0] Thread-1 116
T6 [0, 1, 1, 0, 0, 1, 0, 0, 0, 0] Thread-4 116
T2 [0, 1, 0, 1, 0, 1, 0, 0, 0, 0] Thread-2 116
T7 [0, 1, 0, 1, 0, 0, 1, 0, 0, 0] Thread-4 116
T3 [0, 1, 0, 0, 0, 0, 1, 1, 0, 1] Thread-2 116
T9 [1, 1, 0, 0, 0, 0, 1, 1, 0, 0] Thread-6 116
T0 [0, 2, 0, 0, 0, 0, 1, 1, 0, 0] Thread-0 116
T8 [0, 2, 0, 0, 0, 0, 0, 1, 1, 1] Thread-4 116
T4 [0, 1, 0, 0, 1, 0, 0, 0, 0, 1] Thread-3 116
T9 [1, 1, 0, 0, 1, 0, 0, 0, 0, 0] Thread-5 116
T0 [0, 2, 0, 0, 1, 0, 0, 0, 0, 0] Thread-1 117
T5 [0, 2, 0, 0, 0, 0, 0, 1, 1, 1] Thread-3 117
T6 [0, 1, 0, 0, 0, 1, 0, 1, 0, 1] Thread-4 117
T9 [1, 1, 0, 0, 0, 1, 0, 1, 0, 0] Thread-6 117
T1 [1, 0, 1, 0, 0, 1, 0, 0, 0, 0] Thread-2 117
T0 [0, 1, 1, 0, 0, 1, 0, 0, 0, 0] Thread-0 117
T7 [0, 1, 1, 0, 0, 0, 1, 0, 0, 0] Thread-4 117
T2 [0, 1, 0, 1, 0, 0, 1, 0, 0, 0] Thread-2 117
T8 [0, 1, 0, 1, 0, 0, 0, 0, 1, 1] Thread-4 117
T9 [1, 1, 0, 1, 0, 0, 0, 0, 1, 0] Thread-5 117
T0 [0, 2, 0, 1, 0, 0, 0, 0, 1, 0] Thread-1 118
T3 [0, 2, 0, 0, 0, 0, 0, 1, 1, 1] Thread-2 118
T9 [1, 2, 0, 0, 0, 0, 0, 1, 1, 0] Thread-6 118
T0 [0, 3, 0, 0, 0, 0, 0, 1, 1, 0] Thread-0 118
T4 [0, 2, 0, 0, 1, 0, 0, 0, 0, 0] Thread-3 118
T5 [0, 2, 0, 0, 0, 0, 0, 1, 1, 1] Thread-3 118
T6 [0, 1, 0, 0, 0, 1, 0, 1, 0, 1] Thread-4 118
T9 [1, 1, 0, 0, 0, 1, 0, 1, 0, 0] Thread-5 118
T0 [0, 2, 0, 0, 0, 1, 0, 1, 0, 0] Thread-1 118
T1 [0, 1, 1, 0, 0, 1, 0, 0, 0, 0] Thread-2 118
T7 [0, 1, 1, 0, 0, 0, 1, 0, 0, 0] Thread-4 118
T2 [0, 1, 0, 1, 0, 0, 1, 0, 0, 0] Thread-2 118
T8 [0, 1, 0, 1, 0, 0, 0, 0, 1, 1] Thread-4 118
T9 [1, 1, 0, 1, 0, 0, 0, 0, 1, 0] Thread-6 118
T0 [0, 2, 0, 1, 0, 0, 0, 0, 1, 0] Thread-0 119
T3 [0, 2, 0, 0, 0, 0, 0, 1, 1, 1] Thread-2 119
T9 [1, 2, 0, 0, 0, 0, 0, 1, 1, 0] Thread-5 119
T0 [0, 3, 0, 0, 0, 0, 0, 1, 1, 0] Thread-1 119
T4 [0, 2, 0, 0, 1, 0, 0, 0, 0, 0] Thread-3 119
T5 [0, 2, 0, 0, 0, 0, 0, 1, 1, 1] Thread-3 119
T9 [1, 2, 0, 0, 0, 0, 0, 1, 1, 0] Thread-6 119
T6 [1, 1, 0, 0, 0, 1, 0, 1, 0, 0] Thread-4 119
T1 [1, 0, 1, 0, 0, 1, 0, 0, 0, 0] Thread-2 119
T0 [0, 1, 1, 0, 0, 1, 0, 0, 0, 0] Thread-0 119
T7 [0, 1, 1, 0, 0, 0, 1, 0, 0, 0] Thread-4 119
T2 [0, 1, 0, 1, 0, 0, 1, 0, 0, 0] Thread-2 119
T8 [0, 1, 0, 1, 0, 0, 0, 0, 1, 1] Thread-4 119
T9 [1, 1, 0, 1, 0, 0, 0, 0, 1, 0] Thread-5 119
T0 [0, 2, 0, 1, 0, 0, 0, 0, 1, 0] Thread-1 119
T3 [0, 2, 0, 0, 0, 0, 0, 1, 1, 1] Thread-2 119
T9 [1, 2, 0, 0, 0, 0, 0, 1, 1, 0] Thread-6 120
T0 [0, 3, 0, 0, 0, 0, 0, 1, 1, 0] Thread-0 120
T4 [0, 2, 0, 0, 1, 0, 0, 0, 0, 0] Thread-3 120
T5 [0, 2, 0, 0, 0, 0, 0, 1, 1, 1] Thread-3 120
T1 [0, 1, 1, 0, 0, 0, 0, 0, 1, 1] Thread-2 120
T9 [1, 1, 1, 0, 0, 0, 0, 0, 1, 0] Thread-5 120
T6 [1, 0, 1, 0, 0, 1, 0, 0, 0, 0] Thread-4 120
T0 [0, 1, 1, 0, 0, 1, 0, 0, 0, 0] Thread-1 120
T2 [0, 1, 0, 1, 0, 1, 0, 0, 0, 0] Thread-2 120
T7 [0, 1, 0, 1, 0, 0, 1, 0, 0, 0] Thread-4 120
T3 [0, 1, 0, 0, 0, 0, 1, 1, 0, 1] Thread-2 120
T9 [1, 1, 0, 0, 0, 0, 1, 1, 0, 0] Thread-6 120
T0 [0, 2, 0, 0, 0, 0, 1, 1, 0, 0] Thread-0 120
T8 [0, 2, 0, 0, 0, 0, 0, 1, 1, 1] Thread-4 120
T4 [0, 1, 0, 0, 1, 0, 0, 0, 0, 1] Thread-3 120
T9 [1, 1, 0, 0, 1, 0, 0, 0, 0, 0] Thread-5 120
T0 [0, 2, 0, 0, 1, 0, 0, 0, 0, 0] Thread-1 121
T5 [0, 2, 0, 0, 0, 0, 0, 1, 1, 1] Thread-3 121
T9 [1, 2, 0, 0, 0, 0, 0, 1, 1, 0] Thread-6 121
T6 [1, 1, 0, 0, 0, 1, 0, 1, 0, 0] Thread-4 121
T0 [0, 2, 0, 0, 0, 1, 0, 1, 0, 0] Thread-0 121
T1 [0, 1, 1, 0, 0, 1, 0, 0, 0, 0] Thread-2 121
T7 [0, 1, 1, 0, 0, 0, 1, 0, 0, 0] Thread-4 121
T2 [0, 1, 0, 1, 0, 0, 1, 0, 0, 0] Thread-2 121
T8 [0, 1, 0, 1, 0, 0, 0, 0, 1, 1] Thread-4 121
T9 [1, 1, 0, 1, 0, 0, 0, 0, 1, 0] Thread-5 121
T0 [0, 2, 0, 1, 0, 0, 0, 0, 1, 0] Thread-1 121
T3 [0, 2, 0, 0, 0, 0, 0, 1, 1, 1] Thread-2 121
T4 [0, 1, 0, 0, 1, 0, 0, 0, 0, 1] Thread-3 121
T9 [1, 1, 0, 0, 1, 0, 0, 0, 0, 0] Thread-6 121
T0 [0, 2, 0, 0, 1, 0, 0, 0, 0, 0] Thread-0 121
T5 [0, 2, 0, 0, 0, 0, 0, 1, 1, 1] Thread-3 122
T1 [0, 1, 1, 0, 0, 0, 0, 0, 1, 1] Thread-2 122
T9 [1, 1, 1, 0, 0, 0, 0, 0, 1, 0] Thread-5 122
T6 [1, 0, 1, 0, 0, 1, 0, 0, 0, 0] Thread-4 122
T0 [0, 1, 1, 0, 0, 1, 0, 0, 0, 0] Thread-1 122
T2 [0, 1, 0, 1, 0, 1, 0, 0, 0, 0] Thread-2 122
T7 [0, 1, 0, 1, 0, 0, 1, 0, 0, 0] Thread-4 122
T3 [0, 1, 0, 0, 0, 0, 1, 1, 0, 1] Thread-2 122
T9 [1, 1, 0, 0, 0, 0, 1, 1, 0, 0] Thread-6 122
T0 [0, 2, 0, 0, 0, 0, 1, 1, 0, 0] Thread-0 122
T8 [0, 2, 0, 0, 0, 0, 0, 1, 1, 1] Thread-4 122
T9 [1, 2, 0, 0, 0, 0, 0, 1, 1, 0] Thread-5 122
T4 [1, 1, 0, 0, 1, 0, 0, 0, 0, 0] Thread-3 123
T0 [0, 2, 0, 0, 1, 0, 0, 0, 0, 0] Thread-1 123
T5 [0, 2, 0, 0, 0, 0, 0, 1, 1, 1] Thread-3 123
T9 [1, 2, 0, 0, 0, 0, 0, 1, 1, 0] Thread-6 123
T6 [1, 1, 0, 0, 0, 1, 0, 1, 0, 0] Thread-4 123
T0 [0, 2, 0, 0, 0, 1, 0, 1, 0, 0] Thread-0 123
T1 [0, 1, 1, 0, 0, 1, 0, 0, 0, 0] Thread-2 123
T7 [0, 1, 1, 0, 0, 0, 1, 0, 0, 0] Thread-4 124
T2 [0, 1, 0, 1, 0, 0, 1, 0, 0, 0] Thread-2 124
T8 [0, 1, 0, 1, 0, 0, 0, 0, 1, 1] Thread-4 124
T9 [1, 1, 0, 1, 0, 0, 0, 0, 1, 0] Thread-5 124
T0 [0, 2, 0, 1, 0, 0, 0, 0, 1, 0] Thread-1 124
T3 [0, 2, 0, 0, 0, 0, 0, 1, 1, 1] Thread-2 124
T4 [0, 1, 0, 0, 1, 0, 0, 0, 0, 1] Thread-3 124
T9 [1, 1, 0, 0, 1, 0, 0, 0, 0, 0] Thread-6 124
T0 [0, 2, 0, 0, 1, 0, 0, 0, 0, 0] Thread-0 125
T5 [0, 2, 0, 0, 0, 0, 0, 1, 1, 1] Thread-3 125
T6 [0, 1, 0, 0, 0, 1, 0, 1, 0, 1] Thread-4 125
T1 [0, 0, 1, 0, 0, 1, 0, 0, 0, 1] Thread-2 125
T9 [1, 0, 1, 0, 0, 1, 0, 0, 0, 0] Thread-5 125
T0 [0, 1, 1, 0, 0, 1, 0, 0, 0, 0] Thread-1 125
T7 [0, 1, 1, 0, 0, 0, 1, 0, 0, 0] Thread-4 125
T2 [0, 1, 0, 1, 0, 0, 1, 0, 0, 0] Thread-2 125
T8 [0, 1, 0, 1, 0, 0, 0, 0, 1, 1] Thread-4 126
T9 [1, 1, 0, 1, 0, 0, 0, 0, 1, 0] Thread-6 126
T0 [0, 2, 0, 1, 0, 0, 0, 0, 1, 0] Thread-0 126
T3 [0, 2, 0, 0, 0, 0, 0, 1, 1, 1] Thread-2 126
T9 [1, 2, 0, 0, 0, 0, 0, 1, 1, 0] Thread-5 126
T4 [1, 1, 0, 0, 1, 0, 0, 0, 0, 0] Thread-3 126
T0 [0, 2, 0, 0, 1, 0, 0, 0, 0, 0] Thread-1 126
T5 [0, 2, 0, 0, 0, 0, 0, 1, 1, 1] Thread-3 126
T1 [0, 1, 1, 0, 0, 0, 0, 0, 1, 1] Thread-2 126
T9 [1, 1, 1, 0, 0, 0, 0, 0, 1, 0] Thread-6 126
T0 [0, 2, 1, 0, 0, 0, 0, 0, 1, 0] Thread-0 126
T6 [0, 1, 1, 0, 0, 1, 0, 0, 0, 0] Thread-4 126
T2 [0, 1, 0, 1, 0, 1, 0, 0, 0, 0] Thread-2 126
T7 [0, 1, 0, 1, 0, 0, 1, 0, 0, 0] Thread-4 126
T3 [0, 1, 0, 0, 0, 0, 1, 1, 0, 1] Thread-2 127
T9 [1, 1, 0, 0, 0, 0, 1, 1, 0, 0] Thread-5 127
T0 [0, 2, 0, 0, 0, 0, 1, 1, 0, 0] Thread-1 127
T8 [0, 2, 0, 0, 0, 0, 0, 1, 1, 1] Thread-4 127
T9 [1, 2, 0, 0, 0, 0, 0, 1, 1, 0] Thread-6 127
T4 [1, 1, 0, 0, 1, 0, 0, 0, 0, 0] Thread-3 127
T0 [0, 2, 0, 0, 1, 0, 0, 0, 0, 0] Thread-0 127
T5 [0, 2, 0, 0, 0, 0, 0, 1, 1, 1] Thread-3 127
T1 [0, 1, 1, 0, 0, 0, 0, 0, 1, 1] Thread-2 127
T9 [1, 1, 1, 0, 0, 0, 0, 0, 1, 0] Thread-5 127
T0 [0, 2, 1, 0, 0, 0, 0, 0, 1, 0] Thread-1 127
T6 [0, 1, 1, 0, 0, 1, 0, 0, 0, 0] Thread-4 127
T2 [0, 1, 0, 1, 0, 1, 0, 0, 0, 0] Thread-2 127
T7 [0, 1, 0, 1, 0, 0, 1, 0, 0, 0] Thread-4 127
T3 [0, 1, 0, 0, 0, 0, 1, 1, 0, 1] Thread-2 127
T9 [1, 1, 0, 0, 0, 0, 1, 1, 0, 0] Thread-6 127
T0 [0, 2, 0, 0, 0, 0, 1, 1, 0, 0] Thread-0 128
T8 [0, 2, 0, 0, 0, 0, 0, 1, 1, 1] Thread-4 128
T9 [1, 2, 0, 0, 0, 0, 0, 1, 1, 0] Thread-5 128
T0 [0, 3, 0, 0, 0, 0, 0, 1, 1, 0] Thread-1 128
T4 [0, 2, 0, 0, 1, 0, 0, 0, 0, 0] Thread-3 128
T5 [0, 2, 0, 0, 0, 0, 0, 1, 1, 1] Thread-3 128
T9 [1, 2, 0, 0, 0, 0, 0, 1, 1, 0] Thread-6 128
T1 [1, 1, 1, 0, 0, 0, 0, 0, 1, 0] Thread-2 128
T6 [1, 0, 1, 0, 0, 1, 0, 0, 0, 0] Thread-4 128
T0 [0, 1, 1, 0, 0, 1, 0, 0, 0, 0] Thread-0 128
T2 [0, 1, 0, 1, 0, 1, 0, 0, 0, 0] Thread-2 128
T7 [0, 1, 0, 1, 0, 0, 1, 0, 0, 0] Thread-4 128
T3 [0, 1, 0, 0, 0, 0, 1, 1, 0, 1] Thread-2 128
T9 [1, 1, 0, 0, 0, 0, 1, 1, 0, 0] Thread-5 128
T0 [0, 2, 0, 0, 0, 0, 1, 1, 0, 0] Thread-1 128
T8 [0, 2, 0, 0, 0, 0, 0, 1, 1, 1] Thread-4 128
T9 [1, 2, 0, 0, 0, 0, 0, 1, 1, 0] Thread-6 129
T0 [0, 3, 0, 0, 0, 0, 0, 1, 1, 0] Thread-0 129
T4 [0, 2, 0, 0, 1, 0, 0, 0, 0, 0] Thread-3 129
T5 [0, 2, 0, 0, 0, 0, 0, 1, 1, 1] Thread-3 129
T6 [0, 1, 0, 0, 0, 1, 0, 1, 0, 1] Thread-4 129
T1 [0, 0, 1, 0, 0, 1, 0, 0, 0, 1] Thread-2 129
T9 [1, 0, 1, 0, 0, 1, 0, 0, 0, 0] Thread-5 129
T0 [0, 1, 1, 0, 0, 1, 0, 0, 0, 0] Thread-1 129
T7 [0, 1, 1, 0, 0, 0, 1, 0, 0, 0] Thread-4 129
T2 [0, 1, 0, 1, 0, 0, 1, 0, 0, 0] Thread-2 129
T8 [0, 1, 0, 1, 0, 0, 0, 0, 1, 1] Thread-4 129
T9 [1, 1, 0, 1, 0, 0, 0, 0, 1, 0] Thread-6 129
T0 [0, 2, 0, 1, 0, 0, 0, 0, 1, 0] Thread-0 129
T3 [0, 2, 0, 0, 0, 0, 0, 1, 1, 1] Thread-2 129
T4 [0, 1, 0, 0, 1, 0, 0, 0, 0, 1] Thread-3 130
T9 [1, 1, 0, 0, 1, 0, 0, 0, 0, 0] Thread-5 130
T0 [0, 2, 0, 0, 1, 0, 0, 0, 0, 0] Thread-1 130
T5 [0, 2, 0, 0, 0, 0, 0, 1, 1, 1] Thread-3 130
T6 [0, 1, 0, 0, 0, 1, 0, 1, 0, 1] Thread-4 130
T1 [0, 0, 1, 0, 0, 1, 0, 0, 0, 1] Thread-2 130
T9 [1, 0, 1, 0, 0, 1, 0, 0, 0, 0] Thread-6 130
T0 [0, 1, 1, 0, 0, 1, 0, 0, 0, 0] Thread-0 130
T7 [0, 1, 1, 0, 0, 0, 1, 0, 0, 0] Thread-4 130
T2 [0, 1, 0, 1, 0, 0, 1, 0, 0, 0] Thread-2 130
T8 [0, 1, 0, 1, 0, 0, 0, 0, 1, 1] Thread-4 131
T9 [1, 1, 0, 1, 0, 0, 0, 0, 1, 0] Thread-5 131
T0 [0, 2, 0, 1, 0, 0, 0, 0, 1, 0] Thread-1 131
T3 [0, 2, 0, 0, 0, 0, 0, 1, 1, 1] Thread-2 131
T4 [0, 1, 0, 0, 1, 0, 0, 0, 0, 1] Thread-3 131
T9 [1, 1, 0, 0, 1, 0, 0, 0, 0, 0] Thread-6 131
T0 [0, 2, 0, 0, 1, 0, 0, 0, 0, 0] Thread-0 131
T5 [0, 2, 0, 0, 0, 0, 0, 1, 1, 1] Thread-3 131
T1 [0, 1, 1, 0, 0, 0, 0, 0, 1, 1] Thread-2 131
T9 [1, 1, 1, 0, 0, 0, 0, 0, 1, 0] Thread-5 131
T0 [0, 2, 1, 0, 0, 0, 0, 0, 1, 0] Thread-1 131
T6 [0, 1, 1, 0, 0, 1, 0, 0, 0, 0] Thread-4 132
T2 [0, 1, 0, 1, 0, 1, 0, 0, 0, 0] Thread-2 132
T7 [0, 1, 0, 1, 0, 0, 1, 0, 0, 0] Thread-4 132
T3 [0, 1, 0, 0, 0, 0, 1, 1, 0, 1] Thread-2 132
T9 [1, 1, 0, 0, 0, 0, 1, 1, 0, 0] Thread-6 132
T0 [0, 2, 0, 0, 0, 0, 1, 1, 0, 0] Thread-0 132
T8 [0, 2, 0, 0, 0, 0, 0, 1, 1, 1] Thread-4 132
T4 [0, 1, 0, 0, 1, 0, 0, 0, 0, 1] Thread-3 132
T9 [1, 1, 0, 0, 1, 0, 0, 0, 0, 0] Thread-5 132
T0 [0, 2, 0, 0, 1, 0, 0, 0, 0, 0] Thread-1 132
T5 [0, 2, 0, 0, 0, 0, 0, 1, 1, 1] Thread-3 132
T1 [0, 1, 1, 0, 0, 0, 0, 0, 1, 1] Thread-2 132
T9 [1, 1, 1, 0, 0, 0, 0, 0, 1, 0] Thread-6 132
T0 [0, 2, 1, 0, 0, 0, 0, 0, 1, 0] Thread-0 132
T6 [0, 1, 1, 0, 0, 1, 0, 0, 0, 0] Thread-4 132
T2 [0, 1, 0, 1, 0, 1, 0, 0, 0, 0] Thread-2 133
T7 [0, 1, 0, 1, 0, 0, 1, 0, 0, 0] Thread-4 133
T3 [0, 1, 0, 0, 0, 0, 1, 1, 0, 1] Thread-2 133
T9 [1, 1, 0, 0, 0, 0, 1, 1, 0, 0] Thread-5 133
T8 [1, 1, 0, 0, 0, 0, 0, 1, 1, 1] Thread-4 133
T9 [2, 1, 0, 0, 0, 0, 0, 1, 1, 0] Thread-6 133
T4 [2, 0, 0, 0, 1, 0, 0, 0, 0, 0] Thread-3 133
T5 [2, 0, 0, 0, 0, 0, 0, 1, 1, 1] Thread-3 133
T9 [3, 0, 0, 0, 0, 0, 0, 1, 1, 0] Thread-5 133
