T0 [2, 1, 0, 0, 0, 0, 0, 1, 1, 0] [1, 0, 0, 0, 0, 0, 0, 0, 0, 0] Thread-0 29
T0 [1, 2, 0, 0, 0, 0, 0, 1, 1, 0] [2, 0, 0, 0, 0, 0, 0, 0, 0, 0] Thread-1 31
T0 [0, 3, 0, 0, 0, 0, 0, 1, 1, 0] [3, 0, 0, 0, 0, 0, 0, 0, 0, 0] Thread-2 31
T1 [0, 2, 1, 0, 0, 0, 0, 0, 1, 0] [3, 1, 0, 0, 0, 0, 0, 0, 0, 0] Thread-3 32
T6 [0, 1, 1, 0, 0, 1, 0, 0, 0, 0] [3, 1, 0, 0, 0, 0, 1, 0, 0, 0] Thread-5 33
T2 [0, 1, 0, 1, 0, 1, 0, 0, 0, 0] [3, 1, 1, 0, 0, 0, 1, 0, 0, 0] Thread-3 133
T3 [0, 1, 0, 0, 0, 1, 0, 1, 0, 1] [3, 1, 1, 1, 0, 0, 1, 0, 0, 0] Thread-3 215
T9 [1, 1, 0, 0, 0, 1, 0, 1, 0, 0] [3, 1, 1, 1, 0, 0, 1, 0, 0, 1] Thread-6 216
T0 [0, 2, 0, 0, 0, 1, 0, 1, 0, 0] [4, 1, 1, 1, 0, 0, 1, 0, 0, 1] Thread-0 217
T1 [0, 1, 1, 0, 0, 1, 0, 0, 0, 0] [4, 2, 1, 1, 0, 0, 1, 0, 0, 1] Thread-3 218
T7 [0, 1, 1, 0, 0, 0, 1, 0, 0, 0] [4, 2, 1, 1, 0, 0, 1, 1, 0, 1] Thread-5 234
T2 [0, 1, 0, 1, 0, 0, 1, 0, 0, 0] [4, 2, 2, 1, 0, 0, 1, 1, 0, 1] Thread-3 319
T8 [0, 1, 0, 1, 0, 0, 0, 0, 1, 1] [4, 2, 2, 1, 0, 0, 1, 1, 1, 1] Thread-5 375
T9 [1, 1, 0, 1, 0, 0, 0, 0, 1, 0] [4, 2, 2, 1, 0, 0, 1, 1, 1, 2] Thread-7 376
T0 [0, 2, 0, 1, 0, 0, 0, 0, 1, 0] [5, 2, 2, 1, 0, 0, 1, 1, 1, 2] Thread-1 377
T6 [0, 1, 0, 1, 0, 1, 0, 0, 0, 0] [5, 2, 2, 1, 0, 0, 2, 1, 1, 2] Thread-5 377
T3 [0, 1, 0, 0, 0, 1, 0, 1, 0, 1] [5, 2, 2, 2, 0, 0, 2, 1, 1, 2] Thread-3 400
T9 [1, 1, 0, 0, 0, 1, 0, 1, 0, 0] [5, 2, 2, 2, 0, 0, 2, 1, 1, 3] Thread-8 401
T0 [0, 2, 0, 0, 0, 1, 0, 1, 0, 0] [6, 2, 2, 2, 0, 0, 2, 1, 1, 3] Thread-2 402
T1 [0, 1, 1, 0, 0, 1, 0, 0, 0, 0] [6, 3, 2, 2, 0, 0, 2, 1, 1, 3] Thread-3 403
T2 [0, 1, 0, 1, 0, 1, 0, 0, 0, 0] [6, 3, 3, 2, 0, 0, 2, 1, 1, 3] Thread-3 506
T7 [0, 1, 0, 1, 0, 0, 1, 0, 0, 0] [6, 3, 3, 2, 0, 0, 2, 2, 1, 3] Thread-5 579
T3 [0, 1, 0, 0, 0, 0, 1, 1, 0, 1] [6, 3, 3, 3, 0, 0, 2, 2, 1, 3] Thread-3 587
T9 [1, 1, 0, 0, 0, 0, 1, 1, 0, 0] [6, 3, 3, 3, 0, 0, 2, 2, 1, 4] Thread-6 588
T0 [0, 2, 0, 0, 0, 0, 1, 1, 0, 0] [7, 3, 3, 3, 0, 0, 2, 2, 1, 4] Thread-0 589
T1 [0, 1, 1, 0, 0, 0, 1, 0, 0, 0] [7, 4, 3, 3, 0, 0, 2, 2, 1, 4] Thread-3 590
T2 [0, 1, 0, 1, 0, 0, 1, 0, 0, 0] [7, 4, 4, 3, 0, 0, 2, 2, 1, 4] Thread-3 691
T8 [0, 1, 0, 1, 0, 0, 0, 0, 1, 1] [7, 4, 4, 3, 0, 0, 2, 2, 2, 4] Thread-5 720
T9 [1, 1, 0, 1, 0, 0, 0, 0, 1, 0] [7, 4, 4, 3, 0, 0, 2, 2, 2, 5] Thread-7 722
T0 [0, 2, 0, 1, 0, 0, 0, 0, 1, 0] [8, 4, 4, 3, 0, 0, 2, 2, 2, 5] Thread-1 723
T6 [0, 1, 0, 1, 0, 1, 0, 0, 0, 0] [8, 4, 4, 3, 0, 0, 3, 2, 2, 5] Thread-5 724
T3 [0, 1, 0, 0, 0, 1, 0, 1, 0, 1] [8, 4, 4, 4, 0, 0, 3, 2, 2, 5] Thread-3 772
T9 [1, 1, 0, 0, 0, 1, 0, 1, 0, 0] [8, 4, 4, 4, 0, 0, 3, 2, 2, 6] Thread-8 773
T0 [0, 2, 0, 0, 0, 1, 0, 1, 0, 0] [9, 4, 4, 4, 0, 0, 3, 2, 2, 6] Thread-2 774
T1 [0, 1, 1, 0, 0, 1, 0, 0, 0, 0] [9, 5, 4, 4, 0, 0, 3, 2, 2, 6] Thread-3 775
T2 [0, 1, 0, 1, 0, 1, 0, 0, 0, 0] [9, 5, 5, 4, 0, 0, 3, 2, 2, 6] Thread-3 876
T7 [0, 1, 0, 1, 0, 0, 1, 0, 0, 0] [9, 5, 5, 4, 0, 0, 3, 3, 2, 6] Thread-5 925
T3 [0, 1, 0, 0, 0, 0, 1, 1, 0, 1] [9, 5, 5, 5, 0, 0, 3, 3, 2, 6] Thread-3 957
T9 [1, 1, 0, 0, 0, 0, 1, 1, 0, 0] [9, 5, 5, 5, 0, 0, 3, 3, 2, 7] Thread-6 957
T0 [0, 2, 0, 0, 0, 0, 1, 1, 0, 0] [10, 5, 5, 5, 0, 0, 3, 3, 2, 7] Thread-0 958
T1 [0, 1, 1, 0, 0, 0, 1, 0, 0, 0] [10, 6, 5, 5, 0, 0, 3, 3, 2, 7] Thread-3 959
T2 [0, 1, 0, 1, 0, 0, 1, 0, 0, 0] [10, 6, 6, 5, 0, 0, 3, 3, 2, 7] Thread-3 1059
T8 [0, 1, 0, 1, 0, 0, 0, 0, 1, 1] [10, 6, 6, 5, 0, 0, 3, 3, 3, 7] Thread-5 1066
T9 [1, 1, 0, 1, 0, 0, 0, 0, 1, 0] [10, 6, 6, 5, 0, 0, 3, 3, 3, 8] Thread-7 1067
T0 [0, 2, 0, 1, 0, 0, 0, 0, 1, 0] [11, 6, 6, 5, 0, 0, 3, 3, 3, 8] Thread-1 1068
T6 [0, 1, 0, 1, 0, 1, 0, 0, 0, 0] [11, 6, 6, 5, 0, 0, 4, 3, 3, 8] Thread-5 1069
T3 [0, 1, 0, 0, 0, 1, 0, 1, 0, 1] [11, 6, 6, 6, 0, 0, 4, 3, 3, 8] Thread-3 1142
T9 [1, 1, 0, 0, 0, 1, 0, 1, 0, 0] [11, 6, 6, 6, 0, 0, 4, 3, 3, 9] Thread-8 1143
T0 [0, 2, 0, 0, 0, 1, 0, 1, 0, 0] [12, 6, 6, 6, 0, 0, 4, 3, 3, 9] Thread-2 1144
T1 [0, 1, 1, 0, 0, 1, 0, 0, 0, 0] [12, 7, 6, 6, 0, 0, 4, 3, 3, 9] Thread-3 1145
T2 [0, 1, 0, 1, 0, 1, 0, 0, 0, 0] [12, 7, 7, 6, 0, 0, 4, 3, 3, 9] Thread-3 1245
T7 [0, 1, 0, 1, 0, 0, 1, 0, 0, 0] [12, 7, 7, 6, 0, 0, 4, 4, 3, 9] Thread-5 1270
T3 [0, 1, 0, 0, 0, 0, 1, 1, 0, 1] [12, 7, 7, 7, 0, 0, 4, 4, 3, 9] Thread-3 1327
T9 [1, 1, 0, 0, 0, 0, 1, 1, 0, 0] [12, 7, 7, 7, 0, 0, 4, 4, 3, 10] Thread-6 1328
T0 [0, 2, 0, 0, 0, 0, 1, 1, 0, 0] [13, 7, 7, 7, 0, 0, 4, 4, 3, 10] Thread-0 1329
T1 [0, 1, 1, 0, 0, 0, 1, 0, 0, 0] [13, 8, 7, 7, 0, 0, 4, 4, 3, 10] Thread-3 1329
T8 [0, 1, 1, 0, 0, 0, 0, 0, 1, 1] [13, 8, 7, 7, 0, 0, 4, 4, 4, 10] Thread-5 1411
T9 [1, 1, 1, 0, 0, 0, 0, 0, 1, 0] [13, 8, 7, 7, 0, 0, 4, 4, 4, 11] Thread-7 1412
T0 [0, 2, 1, 0, 0, 0, 0, 0, 1, 0] [14, 8, 7, 7, 0, 0, 4, 4, 4, 11] Thread-1 1412
T6 [0, 1, 1, 0, 0, 1, 0, 0, 0, 0] [14, 8, 7, 7, 0, 0, 5, 4, 4, 11] Thread-5 1413
T2 [0, 1, 0, 1, 0, 1, 0, 0, 0, 0] [14, 8, 8, 7, 0, 0, 5, 4, 4, 11] Thread-3 1433
T3 [0, 1, 0, 0, 0, 1, 0, 1, 0, 1] [14, 8, 8, 8, 0, 0, 5, 4, 4, 11] Thread-3 1515
T9 [1, 1, 0, 0, 0, 1, 0, 1, 0, 0] [14, 8, 8, 8, 0, 0, 5, 4, 4, 12] Thread-8 1516
T0 [0, 2, 0, 0, 0, 1, 0, 1, 0, 0] [15, 8, 8, 8, 0, 0, 5, 4, 4, 12] Thread-2 1517
T1 [0, 1, 1, 0, 0, 1, 0, 0, 0, 0] [15, 9, 8, 8, 0, 0, 5, 4, 4, 12] Thread-3 1518
T7 [0, 1, 1, 0, 0, 0, 1, 0, 0, 0] [15, 9, 8, 8, 0, 0, 5, 5, 4, 12] Thread-5 1616
T2 [0, 1, 0, 1, 0, 0, 1, 0, 0, 0] [15, 9, 9, 8, 0, 0, 5, 5, 4, 12] Thread-3 1619
T3 [0, 1, 0, 0, 0, 0, 1, 1, 0, 1] [15, 9, 9, 9, 0, 0, 5, 5, 4, 12] Thread-3 1701
T9 [1, 1, 0, 0, 0, 0, 1, 1, 0, 0] [15, 9, 9, 9, 0, 0, 5, 5, 4, 13] Thread-6 1702
T0 [0, 2, 0, 0, 0, 0, 1, 1, 0, 0] [16, 9, 9, 9, 0, 0, 5, 5, 4, 13] Thread-0 1702
T1 [0, 1, 1, 0, 0, 0, 1, 0, 0, 0] [16, 10, 9, 9, 0, 0, 5, 5, 4, 13] Thread-3 1704
T8 [0, 1, 1, 0, 0, 0, 0, 0, 1, 1] [16, 10, 9, 9, 0, 0, 5, 5, 5, 13] Thread-5 1755
T9 [1, 1, 1, 0, 0, 0, 0, 0, 1, 0] [16, 10, 9, 9, 0, 0, 5, 5, 5, 14] Thread-7 1756
T0 [0, 2, 1, 0, 0, 0, 0, 0, 1, 0] [17, 10, 9, 9, 0, 0, 5, 5, 5, 14] Thread-1 1757
T6 [0, 1, 1, 0, 0, 1, 0, 0, 0, 0] [17, 10, 9, 9, 0, 0, 6, 5, 5, 14] Thread-5 1758
T2 [0, 1, 0, 1, 0, 1, 0, 0, 0, 0] [17, 10, 10, 9, 0, 0, 6, 5, 5, 14] Thread-3 1805
T3 [0, 1, 0, 0, 0, 1, 0, 1, 0, 1] [17, 10, 10, 10, 0, 0, 6, 5, 5, 14] Thread-3 1887
T9 [1, 1, 0, 0, 0, 1, 0, 1, 0, 0] [17, 10, 10, 10, 0, 0, 6, 5, 5, 15] Thread-8 1888
T0 [0, 2, 0, 0, 0, 1, 0, 1, 0, 0] [18, 10, 10, 10, 0, 0, 6, 5, 5, 15] Thread-2 1889
T1 [0, 1, 1, 0, 0, 1, 0, 0, 0, 0] [18, 11, 10, 10, 0, 0, 6, 5, 5, 15] Thread-3 1890
T7 [0, 1, 1, 0, 0, 0, 1, 0, 0, 0] [18, 11, 10, 10, 0, 0, 6, 6, 5, 15] Thread-5 1959
T2 [0, 1, 0, 1, 0, 0, 1, 0, 0, 0] [18, 11, 11, 10, 0, 0, 6, 6, 5, 15] Thread-3 1991
T3 [0, 1, 0, 0, 0, 0, 1, 1, 0, 1] [18, 11, 11, 11, 0, 0, 6, 6, 5, 15] Thread-3 2072
T9 [1, 1, 0, 0, 0, 0, 1, 1, 0, 0] [18, 11, 11, 11, 0, 0, 6, 6, 5, 16] Thread-6 2072
T0 [0, 2, 0, 0, 0, 0, 1, 1, 0, 0] [19, 11, 11, 11, 0, 0, 6, 6, 5, 16] Thread-0 2073
T1 [0, 1, 1, 0, 0, 0, 1, 0, 0, 0] [19, 12, 11, 11, 0, 0, 6, 6, 5, 16] Thread-3 2073
T8 [0, 1, 1, 0, 0, 0, 0, 0, 1, 1] [19, 12, 11, 11, 0, 0, 6, 6, 6, 16] Thread-5 2101
T9 [1, 1, 1, 0, 0, 0, 0, 0, 1, 0] [19, 12, 11, 11, 0, 0, 6, 6, 6, 17] Thread-7 2101
T0 [0, 2, 1, 0, 0, 0, 0, 0, 1, 0] [20, 12, 11, 11, 0, 0, 6, 6, 6, 17] Thread-1 2103
T6 [0, 1, 1, 0, 0, 1, 0, 0, 0, 0] [20, 12, 11, 11, 0, 0, 7, 6, 6, 17] Thread-5 2104
T2 [0, 1, 0, 1, 0, 1, 0, 0, 0, 0] [20, 12, 12, 11, 0, 0, 7, 6, 6, 17] Thread-3 2175
T3 [0, 1, 0, 0, 0, 1, 0, 1, 0, 1] [20, 12, 12, 12, 0, 0, 7, 6, 6, 17] Thread-3 2256
T9 [1, 1, 0, 0, 0, 1, 0, 1, 0, 0] [20, 12, 12, 12, 0, 0, 7, 6, 6, 18] Thread-8 2257
T0 [0, 2, 0, 0, 0, 1, 0, 1, 0, 0] [21, 12, 12, 12, 0, 0, 7, 6, 6, 18] Thread-2 2258
T1 [0, 1, 1, 0, 0, 1, 0, 0, 0, 0] [21, 13, 12, 12, 0, 0, 7, 6, 6, 18] Thread-3 2258
T7 [0, 1, 1, 0, 0, 0, 1, 0, 0, 0] [21, 13, 12, 12, 0, 0, 7, 7, 6, 18] Thread-5 2305
T2 [0, 1, 0, 1, 0, 0, 1, 0, 0, 0] [21, 13, 13, 12, 0, 0, 7, 7, 6, 18] Thread-3 2360
T3 [0, 1, 0, 0, 0, 0, 1, 1, 0, 1] [21, 13, 13, 13, 0, 0, 7, 7, 6, 18] Thread-3 2441
T9 [1, 1, 0, 0, 0, 0, 1, 1, 0, 0] [21, 13, 13, 13, 0, 0, 7, 7, 6, 19] Thread-6 2442
T0 [0, 2, 0, 0, 0, 0, 1, 1, 0, 0] [22, 13, 13, 13, 0, 0, 7, 7, 6, 19] Thread-0 2444
T1 [0, 1, 1, 0, 0, 0, 1, 0, 0, 0] [22, 14, 13, 13, 0, 0, 7, 7, 6, 19] Thread-3 2445
T8 [0, 1, 1, 0, 0, 0, 0, 0, 1, 1] [22, 14, 13, 13, 0, 0, 7, 7, 7, 19] Thread-5 2445
T9 [1, 1, 1, 0, 0, 0, 0, 0, 1, 0] [22, 14, 13, 13, 0, 0, 7, 7, 7, 20] Thread-7 2446
T0 [0, 2, 1, 0, 0, 0, 0, 0, 1, 0] [23, 14, 13, 13, 0, 0, 7, 7, 7, 20] Thread-1 2447
T6 [0, 1, 1, 0, 0, 1, 0, 0, 0, 0] [23, 14, 13, 13, 0, 0, 8, 7, 7, 20] Thread-5 2447
T2 [0, 1, 0, 1, 0, 1, 0, 0, 0, 0] [23, 14, 14, 13, 0, 0, 8, 7, 7, 20] Thread-3 2547
T3 [0, 1, 0, 0, 0, 1, 0, 1, 0, 1] [23, 14, 14, 14, 0, 0, 8, 7, 7, 20] Thread-3 2629
T9 [1, 1, 0, 0, 0, 1, 0, 1, 0, 0] [23, 14, 14, 14, 0, 0, 8, 7, 7, 21] Thread-8 2629
T0 [0, 2, 0, 0, 0, 1, 0, 1, 0, 0] [24, 14, 14, 14, 0, 0, 8, 7, 7, 21] Thread-2 2630
T1 [0, 1, 1, 0, 0, 1, 0, 0, 0, 0] [24, 15, 14, 14, 0, 0, 8, 7, 7, 21] Thread-3 2631
T7 [0, 1, 1, 0, 0, 0, 1, 0, 0, 0] [24, 15, 14, 14, 0, 0, 8, 8, 7, 21] Thread-5 2649
T2 [0, 1, 0, 1, 0, 0, 1, 0, 0, 0] [24, 15, 15, 14, 0, 0, 8, 8, 7, 21] Thread-3 2733
T8 [0, 1, 0, 1, 0, 0, 0, 0, 1, 1] [24, 15, 15, 14, 0, 0, 8, 8, 8, 21] Thread-5 2790
T9 [1, 1, 0, 1, 0, 0, 0, 0, 1, 0] [24, 15, 15, 14, 0, 0, 8, 8, 8, 22] Thread-6 2790
T0 [0, 2, 0, 1, 0, 0, 0, 0, 1, 0] [25, 15, 15, 14, 0, 0, 8, 8, 8, 22] Thread-0 2791
T6 [0, 1, 0, 1, 0, 1, 0, 0, 0, 0] [25, 15, 15, 14, 0, 0, 9, 8, 8, 22] Thread-5 2792
T3 [0, 1, 0, 0, 0, 1, 0, 1, 0, 1] [25, 15, 15, 15, 0, 0, 9, 8, 8, 22] Thread-3 2814
T9 [1, 1, 0, 0, 0, 1, 0, 1, 0, 0] [25, 15, 15, 15, 0, 0, 9, 8, 8, 23] Thread-7 2815
T0 [0, 2, 0, 0, 0, 1, 0, 1, 0, 0] [26, 15, 15, 15, 0, 0, 9, 8, 8, 23] Thread-1 2816
T1 [0, 1, 1, 0, 0, 1, 0, 0, 0, 0] [26, 16, 15, 15, 0, 0, 9, 8, 8, 23] Thread-3 2817
T2 [0, 1, 0, 1, 0, 1, 0, 0, 0, 0] [26, 16, 16, 15, 0, 0, 9, 8, 8, 23] Thread-3 2917
T7 [0, 1, 0, 1, 0, 0, 1, 0, 0, 0] [26, 16, 16, 15, 0, 0, 9, 9, 8, 23] Thread-5 2992
T3 [0, 1, 0, 0, 0, 0, 1, 1, 0, 1] [26, 16, 16, 16, 0, 0, 9, 9, 8, 23] Thread-3 2997
T9 [1, 1, 0, 0, 0, 0, 1, 1, 0, 0] [26, 16, 16, 16, 0, 0, 9, 9, 8, 24] Thread-8 2998
T0 [0, 2, 0, 0, 0, 0, 1, 1, 0, 0] [27, 16, 16, 16, 0, 0, 9, 9, 8, 24] Thread-2 2999
T1 [0, 1, 1, 0, 0, 0, 1, 0, 0, 0] [27, 17, 16, 16, 0, 0, 9, 9, 8, 24] Thread-3 3000
T2 [0, 1, 0, 1, 0, 0, 1, 0, 0, 0] [27, 17, 17, 16, 0, 0, 9, 9, 8, 24] Thread-3 3100
T8 [0, 1, 0, 1, 0, 0, 0, 0, 1, 1] [27, 17, 17, 16, 0, 0, 9, 9, 9, 24] Thread-5 3133
T9 [1, 1, 0, 1, 0, 0, 0, 0, 1, 0] [27, 17, 17, 16, 0, 0, 9, 9, 9, 25] Thread-6 3134
T0 [0, 2, 0, 1, 0, 0, 0, 0, 1, 0] [28, 17, 17, 16, 0, 0, 9, 9, 9, 25] Thread-0 3135
T6 [0, 1, 0, 1, 0, 1, 0, 0, 0, 0] [28, 17, 17, 16, 0, 0, 10, 9, 9, 25] Thread-5 3136
T3 [0, 1, 0, 0, 0, 1, 0, 1, 0, 1] [28, 17, 17, 17, 0, 0, 10, 9, 9, 25] Thread-3 3180
T9 [1, 1, 0, 0, 0, 1, 0, 1, 0, 0] [28, 17, 17, 17, 0, 0, 10, 9, 9, 26] Thread-7 3181
T0 [0, 2, 0, 0, 0, 1, 0, 1, 0, 0] [29, 17, 17, 17, 0, 0, 10, 9, 9, 26] Thread-1 3182
T1 [0, 1, 1, 0, 0, 1, 0, 0, 0, 0] [29, 18, 17, 17, 0, 0, 10, 9, 9, 26] Thread-3 3183
T2 [0, 1, 0, 1, 0, 1, 0, 0, 0, 0] [29, 18, 18, 17, 0, 0, 10, 9, 9, 26] Thread-3 3284
T7 [0, 1, 0, 1, 0, 0, 1, 0, 0, 0] [29, 18, 18, 17, 0, 0, 10, 10, 9, 26] Thread-5 3336
T3 [0, 1, 0, 0, 0, 0, 1, 1, 0, 1] [29, 18, 18, 18, 0, 0, 10, 10, 9, 26] Thread-3 3366
T9 [1, 1, 0, 0, 0, 0, 1, 1, 0, 0] [29, 18, 18, 18, 0, 0, 10, 10, 9, 27] Thread-8 3366
T0 [0, 2, 0, 0, 0, 0, 1, 1, 0, 0] [30, 18, 18, 18, 0, 0, 10, 10, 9, 27] Thread-2 3367
T1 [0, 1, 1, 0, 0, 0, 1, 0, 0, 0] [30, 19, 18, 18, 0, 0, 10, 10, 9, 27] Thread-3 3368
T2 [0, 1, 0, 1, 0, 0, 1, 0, 0, 0] [30, 19, 19, 18, 0, 0, 10, 10, 9, 27] Thread-3 3468
T8 [0, 1, 0, 1, 0, 0, 0, 0, 1, 1] [30, 19, 19, 18, 0, 0, 10, 10, 10, 27] Thread-5 3476
T9 [1, 1, 0, 1, 0, 0, 0, 0, 1, 0] [30, 19, 19, 18, 0, 0, 10, 10, 10, 28] Thread-6 3477
T0 [0, 2, 0, 1, 0, 0, 0, 0, 1, 0] [31, 19, 19, 18, 0, 0, 10, 10, 10, 28] Thread-0 3479
T6 [0, 1, 0, 1, 0, 1, 0, 0, 0, 0] [31, 19, 19, 18, 0, 0, 11, 10, 10, 28] Thread-5 3479
T3 [0, 1, 0, 0, 0, 1, 0, 1, 0, 1] [31, 19, 19, 19, 0, 0, 11, 10, 10, 28] Thread-3 3550
T9 [1, 1, 0, 0, 0, 1, 0, 1, 0, 0] [31, 19, 19, 19, 0, 0, 11, 10, 10, 29] Thread-7 3551
T0 [0, 2, 0, 0, 0, 1, 0, 1, 0, 0] [32, 19, 19, 19, 0, 0, 11, 10, 10, 29] Thread-1 3552
T1 [0, 1, 1, 0, 0, 1, 0, 0, 0, 0] [32, 20, 19, 19, 0, 0, 11, 10, 10, 29] Thread-3 3552
T2 [0, 1, 0, 1, 0, 1, 0, 0, 0, 0] [32, 20, 20, 19, 0, 0, 11, 10, 10, 29] Thread-3 3653
T7 [0, 1, 0, 1, 0, 0, 1, 0, 0, 0] [32, 20, 20, 19, 0, 0, 11, 11, 10, 29] Thread-5 3681
T3 [0, 1, 0, 0, 0, 0, 1, 1, 0, 1] [32, 20, 20, 20, 0, 0, 11, 11, 10, 29] Thread-3 3734
T9 [1, 1, 0, 0, 0, 0, 1, 1, 0, 0] [32, 20, 20, 20, 0, 0, 11, 11, 10, 30] Thread-8 3735
T0 [0, 2, 0, 0, 0, 0, 1, 1, 0, 0] [33, 20, 20, 20, 0, 0, 11, 11, 10, 30] Thread-2 3736
T1 [0, 1, 1, 0, 0, 0, 1, 0, 0, 0] [33, 21, 20, 20, 0, 0, 11, 11, 10, 30] Thread-3 3737
T8 [0, 1, 1, 0, 0, 0, 0, 0, 1, 1] [33, 21, 20, 20, 0, 0, 11, 11, 11, 30] Thread-5 3821
T9 [1, 1, 1, 0, 0, 0, 0, 0, 1, 0] [33, 21, 20, 20, 0, 0, 11, 11, 11, 31] Thread-6 3822
T0 [0, 2, 1, 0, 0, 0, 0, 0, 1, 0] [34, 21, 20, 20, 0, 0, 11, 11, 11, 31] Thread-0 3823
T6 [0, 1, 1, 0, 0, 1, 0, 0, 0, 0] [34, 21, 20, 20, 0, 0, 12, 11, 11, 31] Thread-5 3823
T2 [0, 1, 0, 1, 0, 1, 0, 0, 0, 0] [34, 21, 21, 20, 0, 0, 12, 11, 11, 31] Thread-3 3839
T3 [0, 1, 0, 0, 0, 1, 0, 1, 0, 1] [34, 21, 21, 21, 0, 0, 12, 11, 11, 31] Thread-3 3921
T9 [1, 1, 0, 0, 0, 1, 0, 1, 0, 0] [34, 21, 21, 21, 0, 0, 12, 11, 11, 32] Thread-7 3922
T0 [0, 2, 0, 0, 0, 1, 0, 1, 0, 0] [35, 21, 21, 21, 0, 0, 12, 11, 11, 32] Thread-1 3922
T1 [0, 1, 1, 0, 0, 1, 0, 0, 0, 0] [35, 22, 21, 21, 0, 0, 12, 11, 11, 32] Thread-3 3924
T7 [0, 1, 1, 0, 0, 0, 1, 0, 0, 0] [35, 22, 21, 21, 0, 0, 12, 12, 11, 32] Thread-5 4026
T2 [0, 1, 0, 1, 0, 0, 1, 0, 0, 0] [35, 22, 22, 21, 0, 0, 12, 12, 11, 32] Thread-3 4027
T3 [0, 1, 0, 0, 0, 0, 1, 1, 0, 1] [35, 22, 22, 22, 0, 0, 12, 12, 11, 32] Thread-3 4109
T9 [1, 1, 0, 0, 0, 0, 1, 1, 0, 0] [35, 22, 22, 22, 0, 0, 12, 12, 11, 33] Thread-8 4109
T0 [0, 2, 0, 0, 0, 0, 1, 1, 0, 0] [36, 22, 22, 22, 0, 0, 12, 12, 11, 33] Thread-2 4110
T1 [0, 1, 1, 0, 0, 0, 1, 0, 0, 0] [36, 23, 22, 22, 0, 0, 12, 12, 11, 33] Thread-3 4111
T8 [0, 1, 1, 0, 0, 0, 0, 0, 1, 1] [36, 23, 22, 22, 0, 0, 12, 12, 12, 33] Thread-5 4169
T9 [1, 1, 1, 0, 0, 0, 0, 0, 1, 0] [36, 23, 22, 22, 0, 0, 12, 12, 12, 34] Thread-6 4170
T0 [0, 2, 1, 0, 0, 0, 0, 0, 1, 0] [37, 23, 22, 22, 0, 0, 12, 12, 12, 34] Thread-0 4170
T6 [0, 1, 1, 0, 0, 1, 0, 0, 0, 0] [37, 23, 22, 22, 0, 0, 13, 12, 12, 34] Thread-5 4171
T2 [0, 1, 0, 1, 0, 1, 0, 0, 0, 0] [37, 23, 23, 22, 0, 0, 13, 12, 12, 34] Thread-3 4212
T3 [0, 1, 0, 0, 0, 1, 0, 1, 0, 1] [37, 23, 23, 23, 0, 0, 13, 12, 12, 34] Thread-3 4293
T9 [1, 1, 0, 0, 0, 1, 0, 1, 0, 0] [37, 23, 23, 23, 0, 0, 13, 12, 12, 35] Thread-7 4294
T0 [0, 2, 0, 0, 0, 1, 0, 1, 0, 0] [38, 23, 23, 23, 0, 0, 13, 12, 12, 35] Thread-1 4295
T1 [0, 1, 1, 0, 0, 1, 0, 0, 0, 0] [38, 24, 23, 23, 0, 0, 13, 12, 12, 35] Thread-3 4296
T7 [0, 1, 1, 0, 0, 0, 1, 0, 0, 0] [38, 24, 23, 23, 0, 0, 13, 13, 12, 35] Thread-5 4374
T2 [0, 1, 0, 1, 0, 0, 1, 0, 0, 0] [38, 24, 24, 23, 0, 0, 13, 13, 12, 35] Thread-3 4396
T3 [0, 1, 0, 0, 0, 0, 1, 1, 0, 1] [38, 24, 24, 24, 0, 0, 13, 13, 12, 35] Thread-3 4477
T9 [1, 1, 0, 0, 0, 0, 1, 1, 0, 0] [38, 24, 24, 24, 0, 0, 13, 13, 12, 36] Thread-8 4477
T0 [0, 2, 0, 0, 0, 0, 1, 1, 0, 0] [39, 24, 24, 24, 0, 0, 13, 13, 12, 36] Thread-2 4478
T1 [0, 1, 1, 0, 0, 0, 1, 0, 0, 0] [39, 25, 24, 24, 0, 0, 13, 13, 12, 36] Thread-3 4479
T8 [0, 1, 1, 0, 0, 0, 0, 0, 1, 1] [39, 25, 24, 24, 0, 0, 13, 13, 13, 36] Thread-5 4514
T9 [1, 1, 1, 0, 0, 0, 0, 0, 1, 0] [39, 25, 24, 24, 0, 0, 13, 13, 13, 37] Thread-6 4515
T0 [0, 2, 1, 0, 0, 0, 0, 0, 1, 0] [40, 25, 24, 24, 0, 0, 13, 13, 13, 37] Thread-0 4515
T6 [0, 1, 1, 0, 0, 1, 0, 0, 0, 0] [40, 25, 24, 24, 0, 0, 14, 13, 13, 37] Thread-5 4516
T2 [0, 1, 0, 1, 0, 1, 0, 0, 0, 0] [40, 25, 25, 24, 0, 0, 14, 13, 13, 37] Thread-3 4580
T3 [0, 1, 0, 0, 0, 1, 0, 1, 0, 1] [40, 25, 25, 25, 0, 0, 14, 13, 13, 37] Thread-3 4662
T9 [1, 1, 0, 0, 0, 1, 0, 1, 0, 0] [40, 25, 25, 25, 0, 0, 14, 13, 13, 38] Thread-7 4663
T0 [0, 2, 0, 0, 0, 1, 0, 1, 0, 0] [41, 25, 25, 25, 0, 0, 14, 13, 13, 38] Thread-1 4663
T1 [0, 1, 1, 0, 0, 1, 0, 0, 0, 0] [41, 26, 25, 25, 0, 0, 14, 13, 13, 38] Thread-3 4664
T7 [0, 1, 1, 0, 0, 0, 1, 0, 0, 0] [41, 26, 25, 25, 0, 0, 14, 14, 13, 38] Thread-5 4719
T2 [0, 1, 0, 1, 0, 0, 1, 0, 0, 0] [41, 26, 26, 25, 0, 0, 14, 14, 13, 38] Thread-3 4765
T3 [0, 1, 0, 0, 0, 0, 1, 1, 0, 1] [41, 26, 26, 26, 0, 0, 14, 14, 13, 38] Thread-3 4846
T9 [1, 1, 0, 0, 0, 0, 1, 1, 0, 0] [41, 26, 26, 26, 0, 0, 14, 14, 13, 39] Thread-8 4847
T0 [0, 2, 0, 0, 0, 0, 1, 1, 0, 0] [42, 26, 26, 26, 0, 0, 14, 14, 13, 39] Thread-2 4849
T1 [0, 1, 1, 0, 0, 0, 1, 0, 0, 0] [42, 27, 26, 26, 0, 0, 14, 14, 13, 39] Thread-3 4849
T8 [0, 1, 1, 0, 0, 0, 0, 0, 1, 1] [42, 27, 26, 26, 0, 0, 14, 14, 14, 39] Thread-5 4859
T9 [1, 1, 1, 0, 0, 0, 0, 0, 1, 0] [42, 27, 26, 26, 0, 0, 14, 14, 14, 40] Thread-6 4860
T0 [0, 2, 1, 0, 0, 0, 0, 0, 1, 0] [43, 27, 26, 26, 0, 0, 14, 14, 14, 40] Thread-0 4861
T6 [0, 1, 1, 0, 0, 1, 0, 0, 0, 0] [43, 27, 26, 26, 0, 0, 15, 14, 14, 40] Thread-5 4862
T2 [0, 1, 0, 1, 0, 1, 0, 0, 0, 0] [43, 27, 27, 26, 0, 0, 15, 14, 14, 40] Thread-3 4950
T3 [0, 1, 0, 0, 0, 1, 0, 1, 0, 1] [43, 27, 27, 27, 0, 0, 15, 14, 14, 40] Thread-3 5031
T9 [1, 1, 0, 0, 0, 1, 0, 1, 0, 0] [43, 27, 27, 27, 0, 0, 15, 14, 14, 41] Thread-7 5031
T0 [0, 2, 0, 0, 0, 1, 0, 1, 0, 0] [44, 27, 27, 27, 0, 0, 15, 14, 14, 41] Thread-1 5032
T1 [0, 1, 1, 0, 0, 1, 0, 0, 0, 0] [44, 28, 27, 27, 0, 0, 15, 14, 14, 41] Thread-3 5033
T7 [0, 1, 1, 0, 0, 0, 1, 0, 0, 0] [44, 28, 27, 27, 0, 0, 15, 15, 14, 41] Thread-5 5063
T2 [0, 1, 0, 1, 0, 0, 1, 0, 0, 0] [44, 28, 28, 27, 0, 0, 15, 15, 14, 41] Thread-3 5134
T8 [0, 1, 0, 1, 0, 0, 0, 0, 1, 1] [44, 28, 28, 27, 0, 0, 15, 15, 15, 41] Thread-5 5203
T9 [1, 1, 0, 1, 0, 0, 0, 0, 1, 0] [44, 28, 28, 27, 0, 0, 15, 15, 15, 42] Thread-8 5204
T0 [0, 2, 0, 1, 0, 0, 0, 0, 1, 0] [45, 28, 28, 27, 0, 0, 15, 15, 15, 42] Thread-2 5205
T6 [0, 1, 0, 1, 0, 1, 0, 0, 0, 0] [45, 28, 28, 27, 0, 0, 16, 15, 15, 42] Thread-5 5206
T3 [0, 1, 0, 0, 0, 1, 0, 1, 0, 1] [45, 28, 28, 28, 0, 0, 16, 15, 15, 42] Thread-3 5214
T9 [1, 1, 0, 0, 0, 1, 0, 1, 0, 0] [45, 28, 28, 28, 0, 0, 16, 15, 15, 43] Thread-6 5215
T0 [0, 2, 0, 0, 0, 1, 0, 1, 0, 0] [46, 28, 28, 28, 0, 0, 16, 15, 15, 43] Thread-0 5216
T1 [0, 1, 1, 0, 0, 1, 0, 0, 0, 0] [46, 29, 28, 28, 0, 0, 16, 15, 15, 43] Thread-3 5216
T2 [0, 1, 0, 1, 0, 1, 0, 0, 0, 0] [46, 29, 29, 28, 0, 0, 16, 15, 15, 43] Thread-3 5316
T3 [0, 1, 0, 0, 0, 1, 0, 1, 0, 1] [46, 29, 29, 29, 0, 0, 16, 15, 15, 43] Thread-3 5398
T9 [1, 1, 0, 0, 0, 1, 0, 1, 0, 0] [46, 29, 29, 29, 0, 0, 16, 15, 15, 44] Thread-7 5398
T0 [0, 2, 0, 0, 0, 1, 0, 1, 0, 0] [47, 29, 29, 29, 0, 0, 16, 15, 15, 44] Thread-1 5400
T1 [0, 1, 1, 0, 0, 1, 0, 0, 0, 0] [47, 30, 29, 29, 0, 0, 16, 15, 15, 44] Thread-3 5400
T7 [0, 1, 1, 0, 0, 0, 1, 0, 0, 0] [47, 30, 29, 29, 0, 0, 16, 16, 15, 44] Thread-5 5407
T2 [0, 1, 0, 1, 0, 0, 1, 0, 0, 0] [47, 30, 30, 29, 0, 0, 16, 16, 15, 44] Thread-3 5502
T8 [0, 1, 0, 1, 0, 0, 0, 0, 1, 1] [47, 30, 30, 29, 0, 0, 16, 16, 16, 44] Thread-5 5547
T9 [1, 1, 0, 1, 0, 0, 0, 0, 1, 0] [47, 30, 30, 29, 0, 0, 16, 16, 16, 45] Thread-8 5549
T0 [0, 2, 0, 1, 0, 0, 0, 0, 1, 0] [48, 30, 30, 29, 0, 0, 16, 16, 16, 45] Thread-2 5549
T6 [0, 1, 0, 1, 0, 1, 0, 0, 0, 0] [48, 30, 30, 29, 0, 0, 17, 16, 16, 45] Thread-5 5550
T3 [0, 1, 0, 0, 0, 1, 0, 1, 0, 1] [48, 30, 30, 30, 0, 0, 17, 16, 16, 45] Thread-3 5584
T9 [1, 1, 0, 0, 0, 1, 0, 1, 0, 0] [48, 30, 30, 30, 0, 0, 17, 16, 16, 46] Thread-6 5584
T0 [0, 2, 0, 0, 0, 1, 0, 1, 0, 0] [49, 30, 30, 30, 0, 0, 17, 16, 16, 46] Thread-0 5585
T1 [0, 1, 1, 0, 0, 1, 0, 0, 0, 0] [49, 31, 30, 30, 0, 0, 17, 16, 16, 46] Thread-3 5586
T2 [0, 1, 0, 1, 0, 1, 0, 0, 0, 0] [49, 31, 31, 30, 0, 0, 17, 16, 16, 46] Thread-3 5685
T7 [0, 1, 0, 1, 0, 0, 1, 0, 0, 0] [49, 31, 31, 30, 0, 0, 17, 17, 16, 46] Thread-5 5752
T3 [0, 1, 0, 0, 0, 0, 1, 1, 0, 1] [49, 31, 31, 31, 0, 0, 17, 17, 16, 46] Thread-3 5766
T9 [1, 1, 0, 0, 0, 0, 1, 1, 0, 0] [49, 31, 31, 31, 0, 0, 17, 17, 16, 47] Thread-7 5767
T0 [0, 2, 0, 0, 0, 0, 1, 1, 0, 0] [50, 31, 31, 31, 0, 0, 17, 17, 16, 47] Thread-1 5768
T1 [0, 1, 1, 0, 0, 0, 1, 0, 0, 0] [50, 32, 31, 31, 0, 0, 17, 17, 16, 47] Thread-3 5769
T2 [0, 1, 0, 1, 0, 0, 1, 0, 0, 0] [50, 32, 32, 31, 0, 0, 17, 17, 16, 47] Thread-3 5869
T8 [0, 1, 0, 1, 0, 0, 0, 0, 1, 1] [50, 32, 32, 31, 0, 0, 17, 17, 17, 47] Thread-5 5893
T9 [1, 1, 0, 1, 0, 0, 0, 0, 1, 0] [50, 32, 32, 31, 0, 0, 17, 17, 17, 48] Thread-8 5894
T0 [0, 2, 0, 1, 0, 0, 0, 0, 1, 0] [51, 32, 32, 31, 0, 0, 17, 17, 17, 48] Thread-2 5895
T6 [0, 1, 0, 1, 0, 1, 0, 0, 0, 0] [51, 32, 32, 31, 0, 0, 18, 17, 17, 48] Thread-5 5895
T3 [0, 1, 0, 0, 0, 1, 0, 1, 0, 1] [51, 32, 32, 32, 0, 0, 18, 17, 17, 48] Thread-3 5949
T9 [1, 1, 0, 0, 0, 1, 0, 1, 0, 0] [51, 32, 32, 32, 0, 0, 18, 17, 17, 49] Thread-6 5950
T0 [0, 2, 0, 0, 0, 1, 0, 1, 0, 0] [52, 32, 32, 32, 0, 0, 18, 17, 17, 49] Thread-0 5951
T1 [0, 1, 1, 0, 0, 1, 0, 0, 0, 0] [52, 33, 32, 32, 0, 0, 18, 17, 17, 49] Thread-3 5952
T2 [0, 1, 0, 1, 0, 1, 0, 0, 0, 0] [52, 33, 33, 32, 0, 0, 18, 17, 17, 49] Thread-3 6053
T7 [0, 1, 0, 1, 0, 0, 1, 0, 0, 0] [52, 33, 33, 32, 0, 0, 18, 18, 17, 49] Thread-5 6096
T3 [0, 1, 0, 0, 0, 0, 1, 1, 0, 1] [52, 33, 33, 33, 0, 0, 18, 18, 17, 49] Thread-3 6134
T9 [1, 1, 0, 0, 0, 0, 1, 1, 0, 0] [52, 33, 33, 33, 0, 0, 18, 18, 17, 50] Thread-7 6134
T0 [0, 2, 0, 0, 0, 0, 1, 1, 0, 0] [53, 33, 33, 33, 0, 0, 18, 18, 17, 50] Thread-1 6135
T1 [0, 1, 1, 0, 0, 0, 1, 0, 0, 0] [53, 34, 33, 33, 0, 0, 18, 18, 17, 50] Thread-3 6136
T8 [0, 1, 1, 0, 0, 0, 0, 0, 1, 1] [53, 34, 33, 33, 0, 0, 18, 18, 18, 50] Thread-5 6236
T9 [1, 1, 1, 0, 0, 0, 0, 0, 1, 0] [53, 34, 33, 33, 0, 0, 18, 18, 18, 51] Thread-8 6237
T0 [0, 2, 1, 0, 0, 0, 0, 0, 1, 0] [54, 34, 33, 33, 0, 0, 18, 18, 18, 51] Thread-2 6238
T2 [0, 2, 0, 1, 0, 0, 0, 0, 1, 0] [54, 34, 34, 33, 0, 0, 18, 18, 18, 51] Thread-3 6238
T6 [0, 1, 0, 1, 0, 1, 0, 0, 0, 0] [54, 34, 34, 33, 0, 0, 19, 18, 18, 51] Thread-5 6239
T3 [0, 1, 0, 0, 0, 1, 0, 1, 0, 1] [54, 34, 34, 34, 0, 0, 19, 18, 18, 51] Thread-3 6320
T9 [1, 1, 0, 0, 0, 1, 0, 1, 0, 0] [54, 34, 34, 34, 0, 0, 19, 18, 18, 52] Thread-6 6320
T0 [0, 2, 0, 0, 0, 1, 0, 1, 0, 0] [55, 34, 34, 34, 0, 0, 19, 18, 18, 52] Thread-0 6321
T1 [0, 1, 1, 0, 0, 1, 0, 0, 0, 0] [55, 35, 34, 34, 0, 0, 19, 18, 18, 52] Thread-3 6322
T2 [0, 1, 0, 1, 0, 1, 0, 0, 0, 0] [55, 35, 35, 34, 0, 0, 19, 18, 18, 52] Thread-3 6422
T7 [0, 1, 0, 1, 0, 0, 1, 0, 0, 0] [55, 35, 35, 34, 0, 0, 19, 19, 18, 52] Thread-5 6442
T3 [0, 1, 0, 0, 0, 0, 1, 1, 0, 1] [55, 35, 35, 35, 0, 0, 19, 19, 18, 52] Thread-3 6503
T9 [1, 1, 0, 0, 0, 0, 1, 1, 0, 0] [55, 35, 35, 35, 0, 0, 19, 19, 18, 53] Thread-7 6504
T0 [0, 2, 0, 0, 0, 0, 1, 1, 0, 0] [56, 35, 35, 35, 0, 0, 19, 19, 18, 53] Thread-1 6505
T1 [0, 1, 1, 0, 0, 0, 1, 0, 0, 0] [56, 36, 35, 35, 0, 0, 19, 19, 18, 53] Thread-3 6506
T8 [0, 1, 1, 0, 0, 0, 0, 0, 1, 1] [56, 36, 35, 35, 0, 0, 19, 19, 19, 53] Thread-5 6584
T9 [1, 1, 1, 0, 0, 0, 0, 0, 1, 0] [56, 36, 35, 35, 0, 0, 19, 19, 19, 54] Thread-8 6584
T0 [0, 2, 1, 0, 0, 0, 0, 0, 1, 0] [57, 36, 35, 35, 0, 0, 19, 19, 19, 54] Thread-2 6585
T6 [0, 1, 1, 0, 0, 1, 0, 0, 0, 0] [57, 36, 35, 35, 0, 0, 20, 19, 19, 54] Thread-5 6586
T2 [0, 1, 0, 1, 0, 1, 0, 0, 0, 0] [57, 36, 36, 35, 0, 0, 20, 19, 19, 54] Thread-3 6606
T3 [0, 1, 0, 0, 0, 1, 0, 1, 0, 1] [57, 36, 36, 36, 0, 0, 20, 19, 19, 54] Thread-3 6687
T9 [1, 1, 0, 0, 0, 1, 0, 1, 0, 0] [57, 36, 36, 36, 0, 0, 20, 19, 19, 55] Thread-6 6688
T0 [0, 2, 0, 0, 0, 1, 0, 1, 0, 0] [58, 36, 36, 36, 0, 0, 20, 19, 19, 55] Thread-0 6688
T1 [0, 1, 1, 0, 0, 1, 0, 0, 0, 0] [58, 37, 36, 36, 0, 0, 20, 19, 19, 55] Thread-3 6689
T7 [0, 1, 1, 0, 0, 0, 1, 0, 0, 0] [58, 37, 36, 36, 0, 0, 20, 20, 19, 55] Thread-5 6786
T2 [0, 1, 0, 1, 0, 0, 1, 0, 0, 0] [58, 37, 37, 36, 0, 0, 20, 20, 19, 55] Thread-3 6790
T3 [0, 1, 0, 0, 0, 0, 1, 1, 0, 1] [58, 37, 37, 37, 0, 0, 20, 20, 19, 55] Thread-3 6873
T9 [1, 1, 0, 0, 0, 0, 1, 1, 0, 0] [58, 37, 37, 37, 0, 0, 20, 20, 19, 56] Thread-7 6874
T0 [0, 2, 0, 0, 0, 0, 1, 1, 0, 0] [59, 37, 37, 37, 0, 0, 20, 20, 19, 56] Thread-1 6874
T1 [0, 1, 1, 0, 0, 0, 1, 0, 0, 0] [59, 38, 37, 37, 0, 0, 20, 20, 19, 56] Thread-3 6875
T8 [0, 1, 1, 0, 0, 0, 0, 0, 1, 1] [59, 38, 37, 37, 0, 0, 20, 20, 20, 56] Thread-5 6926
T9 [1, 1, 1, 0, 0, 0, 0, 0, 1, 0] [59, 38, 37, 37, 0, 0, 20, 20, 20, 57] Thread-8 6927
T0 [0, 2, 1, 0, 0, 0, 0, 0, 1, 0] [60, 38, 37, 37, 0, 0, 20, 20, 20, 57] Thread-2 6927
T6 [0, 1, 1, 0, 0, 1, 0, 0, 0, 0] [60, 38, 37, 37, 0, 0, 21, 20, 20, 57] Thread-5 6929
T2 [0, 1, 0, 1, 0, 1, 0, 0, 0, 0] [60, 38, 38, 37, 0, 0, 21, 20, 20, 57] Thread-3 6976
T3 [0, 1, 0, 0, 0, 1, 0, 1, 0, 1] [60, 38, 38, 38, 0, 0, 21, 20, 20, 57] Thread-3 7056
T9 [1, 1, 0, 0, 0, 1, 0, 1, 0, 0] [60, 38, 38, 38, 0, 0, 21, 20, 20, 58] Thread-6 7058
T0 [0, 2, 0, 0, 0, 1, 0, 1, 0, 0] [61, 38, 38, 38, 0, 0, 21, 20, 20, 58] Thread-0 7058
T1 [0, 1, 1, 0, 0, 1, 0, 0, 0, 0] [61, 39, 38, 38, 0, 0, 21, 20, 20, 58] Thread-3 7059
T7 [0, 1, 1, 0, 0, 0, 1, 0, 0, 0] [61, 39, 38, 38, 0, 0, 21, 21, 20, 58] Thread-5 7132
T2 [0, 1, 0, 1, 0, 0, 1, 0, 0, 0] [61, 39, 39, 38, 0, 0, 21, 21, 20, 58] Thread-3 7160
T3 [0, 1, 0, 0, 0, 0, 1, 1, 0, 1] [61, 39, 39, 39, 0, 0, 21, 21, 20, 58] Thread-3 7243
T9 [1, 1, 0, 0, 0, 0, 1, 1, 0, 0] [61, 39, 39, 39, 0, 0, 21, 21, 20, 59] Thread-7 7244
T0 [0, 2, 0, 0, 0, 0, 1, 1, 0, 0] [62, 39, 39, 39, 0, 0, 21, 21, 20, 59] Thread-1 7244
T1 [0, 1, 1, 0, 0, 0, 1, 0, 0, 0] [62, 40, 39, 39, 0, 0, 21, 21, 20, 59] Thread-3 7245
T8 [0, 1, 1, 0, 0, 0, 0, 0, 1, 1] [62, 40, 39, 39, 0, 0, 21, 21, 21, 59] Thread-5 7273
T9 [1, 1, 1, 0, 0, 0, 0, 0, 1, 0] [62, 40, 39, 39, 0, 0, 21, 21, 21, 60] Thread-8 7274
T0 [0, 2, 1, 0, 0, 0, 0, 0, 1, 0] [63, 40, 39, 39, 0, 0, 21, 21, 21, 60] Thread-2 7275
T6 [0, 1, 1, 0, 0, 1, 0, 0, 0, 0] [63, 40, 39, 39, 0, 0, 22, 21, 21, 60] Thread-5 7275
T2 [0, 1, 0, 1, 0, 1, 0, 0, 0, 0] [63, 40, 40, 39, 0, 0, 22, 21, 21, 60] Thread-3 7347
T3 [0, 1, 0, 0, 0, 1, 0, 1, 0, 1] [63, 40, 40, 40, 0, 0, 22, 21, 21, 60] Thread-3 7427
T9 [1, 1, 0, 0, 0, 1, 0, 1, 0, 0] [63, 40, 40, 40, 0, 0, 22, 21, 21, 61] Thread-6 7429
T0 [0, 2, 0, 0, 0, 1, 0, 1, 0, 0] [64, 40, 40, 40, 0, 0, 22, 21, 21, 61] Thread-0 7429
T1 [0, 1, 1, 0, 0, 1, 0, 0, 0, 0] [64, 41, 40, 40, 0, 0, 22, 21, 21, 61] Thread-3 7430
T7 [0, 1, 1, 0, 0, 0, 1, 0, 0, 0] [64, 41, 40, 40, 0, 0, 22, 22, 21, 61] Thread-5 7477
T2 [0, 1, 0, 1, 0, 0, 1, 0, 0, 0] [64, 41, 41, 40, 0, 0, 22, 22, 21, 61] Thread-3 7532
T3 [0, 1, 0, 0, 0, 0, 1, 1, 0, 1] [64, 41, 41, 41, 0, 0, 22, 22, 21, 61] Thread-3 7613
T9 [1, 1, 0, 0, 0, 0, 1, 1, 0, 0] [64, 41, 41, 41, 0, 0, 22, 22, 21, 62] Thread-7 7613
T0 [0, 2, 0, 0, 0, 0, 1, 1, 0, 0] [65, 41, 41, 41, 0, 0, 22, 22, 21, 62] Thread-1 7614
T1 [0, 1, 1, 0, 0, 0, 1, 0, 0, 0] [65, 42, 41, 41, 0, 0, 22, 22, 21, 62] Thread-3 7615
T8 [0, 1, 1, 0, 0, 0, 0, 0, 1, 1] [65, 42, 41, 41, 0, 0, 22, 22, 22, 62] Thread-5 7616
T9 [1, 1, 1, 0, 0, 0, 0, 0, 1, 0] [65, 42, 41, 41, 0, 0, 22, 22, 22, 63] Thread-8 7617
T0 [0, 2, 1, 0, 0, 0, 0, 0, 1, 0] [66, 42, 41, 41, 0, 0, 22, 22, 22, 63] Thread-2 7617
T6 [0, 1, 1, 0, 0, 1, 0, 0, 0, 0] [66, 42, 41, 41, 0, 0, 23, 22, 22, 63] Thread-5 7618
T2 [0, 1, 0, 1, 0, 1, 0, 0, 0, 0] [66, 42, 42, 41, 0, 0, 23, 22, 22, 63] Thread-3 7716
T3 [0, 1, 0, 0, 0, 1, 0, 1, 0, 1] [66, 42, 42, 42, 0, 0, 23, 22, 22, 63] Thread-3 7796
T9 [1, 1, 0, 0, 0, 1, 0, 1, 0, 0] [66, 42, 42, 42, 0, 0, 23, 22, 22, 64] Thread-6 7797
T0 [0, 2, 0, 0, 0, 1, 0, 1, 0, 0] [67, 42, 42, 42, 0, 0, 23, 22, 22, 64] Thread-0 7798
T1 [0, 1, 1, 0, 0, 1, 0, 0, 0, 0] [67, 43, 42, 42, 0, 0, 23, 22, 22, 64] Thread-3 7798
T7 [0, 1, 1, 0, 0, 0, 1, 0, 0, 0] [67, 43, 42, 42, 0, 0, 23, 23, 22, 64] Thread-5 7819
T2 [0, 1, 0, 1, 0, 0, 1, 0, 0, 0] [67, 43, 43, 42, 0, 0, 23, 23, 22, 64] Thread-3 7900
T8 [0, 1, 0, 1, 0, 0, 0, 0, 1, 1] [67, 43, 43, 42, 0, 0, 23, 23, 23, 64] Thread-5 7962
T9 [1, 1, 0, 1, 0, 0, 0, 0, 1, 0] [67, 43, 43, 42, 0, 0, 23, 23, 23, 65] Thread-7 7963
T0 [0, 2, 0, 1, 0, 0, 0, 0, 1, 0] [68, 43, 43, 42, 0, 0, 23, 23, 23, 65] Thread-1 7963
T6 [0, 1, 0, 1, 0, 1, 0, 0, 0, 0] [68, 43, 43, 42, 0, 0, 24, 23, 23, 65] Thread-5 7964
T3 [0, 1, 0, 0, 0, 1, 0, 1, 0, 1] [68, 43, 43, 43, 0, 0, 24, 23, 23, 65] Thread-3 7980
T9 [1, 1, 0, 0, 0, 1, 0, 1, 0, 0] [68, 43, 43, 43, 0, 0, 24, 23, 23, 66] Thread-8 7981
T0 [0, 2, 0, 0, 0, 1, 0, 1, 0, 0] [69, 43, 43, 43, 0, 0, 24, 23, 23, 66] Thread-2 7982
T1 [0, 1, 1, 0, 0, 1, 0, 0, 0, 0] [69, 44, 43, 43, 0, 0, 24, 23, 23, 66] Thread-3 7982
T2 [0, 1, 0, 1, 0, 1, 0, 0, 0, 0] [69, 44, 44, 43, 0, 0, 24, 23, 23, 66] Thread-3 8084
T3 [0, 1, 0, 0, 0, 1, 0, 1, 0, 1] [69, 44, 44, 44, 0, 0, 24, 23, 23, 66] Thread-3 8165
T9 [1, 1, 0, 0, 0, 1, 0, 1, 0, 0] [69, 44, 44, 44, 0, 0, 24, 23, 23, 67] Thread-6 8165
T0 [0, 2, 0, 0, 0, 1, 0, 1, 0, 0] [70, 44, 44, 44, 0, 0, 24, 23, 23, 67] Thread-0 8166
T7 [0, 2, 0, 0, 0, 0, 1, 1, 0, 0] [70, 44, 44, 44, 0, 0, 24, 24, 23, 67] Thread-5 8167
T1 [0, 1, 1, 0, 0, 0, 1, 0, 0, 0] [70, 45, 44, 44, 0, 0, 24, 24, 23, 67] Thread-3 8167
T2 [0, 1, 0, 1, 0, 0, 1, 0, 0, 0] [70, 45, 45, 44, 0, 0, 24, 24, 23, 67] Thread-3 8268
T8 [0, 1, 0, 1, 0, 0, 0, 0, 1, 1] [70, 45, 45, 44, 0, 0, 24, 24, 24, 67] Thread-5 8307
T9 [1, 1, 0, 1, 0, 0, 0, 0, 1, 0] [70, 45, 45, 44, 0, 0, 24, 24, 24, 68] Thread-7 8307
T0 [0, 2, 0, 1, 0, 0, 0, 0, 1, 0] [71, 45, 45, 44, 0, 0, 24, 24, 24, 68] Thread-1 8308
T6 [0, 1, 0, 1, 0, 1, 0, 0, 0, 0] [71, 45, 45, 44, 0, 0, 25, 24, 24, 68] Thread-5 8309
T3 [0, 1, 0, 0, 0, 1, 0, 1, 0, 1] [71, 45, 45, 45, 0, 0, 25, 24, 24, 68] Thread-3 8349
T9 [1, 1, 0, 0, 0, 1, 0, 1, 0, 0] [71, 45, 45, 45, 0, 0, 25, 24, 24, 69] Thread-8 8350
T0 [0, 2, 0, 0, 0, 1, 0, 1, 0, 0] [72, 45, 45, 45, 0, 0, 25, 24, 24, 69] Thread-2 8351
T1 [0, 1, 1, 0, 0, 1, 0, 0, 0, 0] [72, 46, 45, 45, 0, 0, 25, 24, 24, 69] Thread-3 8351
T2 [0, 1, 0, 1, 0, 1, 0, 0, 0, 0] [72, 46, 46, 45, 0, 0, 25, 24, 24, 69] Thread-3 8452
T7 [0, 1, 0, 1, 0, 0, 1, 0, 0, 0] [72, 46, 46, 45, 0, 0, 25, 25, 24, 69] Thread-5 8509
T3 [0, 1, 0, 0, 0, 0, 1, 1, 0, 1] [72, 46, 46, 46, 0, 0, 25, 25, 24, 69] Thread-3 8533
T9 [1, 1, 0, 0, 0, 0, 1, 1, 0, 0] [72, 46, 46, 46, 0, 0, 25, 25, 24, 70] Thread-6 8534
T0 [0, 2, 0, 0, 0, 0, 1, 1, 0, 0] [73, 46, 46, 46, 0, 0, 25, 25, 24, 70] Thread-0 8534
T1 [0, 1, 1, 0, 0, 0, 1, 0, 0, 0] [73, 47, 46, 46, 0, 0, 25, 25, 24, 70] Thread-3 8535
T2 [0, 1, 0, 1, 0, 0, 1, 0, 0, 0] [73, 47, 47, 46, 0, 0, 25, 25, 24, 70] Thread-3 8636
T8 [0, 1, 0, 1, 0, 0, 0, 0, 1, 1] [73, 47, 47, 46, 0, 0, 25, 25, 25, 70] Thread-5 8650
T9 [1, 1, 0, 1, 0, 0, 0, 0, 1, 0] [73, 47, 47, 46, 0, 0, 25, 25, 25, 71] Thread-7 8651
T0 [0, 2, 0, 1, 0, 0, 0, 0, 1, 0] [74, 47, 47, 46, 0, 0, 25, 25, 25, 71] Thread-1 8652
T6 [0, 1, 0, 1, 0, 1, 0, 0, 0, 0] [74, 47, 47, 46, 0, 0, 26, 25, 25, 71] Thread-5 8652
T3 [0, 1, 0, 0, 0, 1, 0, 1, 0, 1] [74, 47, 47, 47, 0, 0, 26, 25, 25, 71] Thread-3 8717
T9 [1, 1, 0, 0, 0, 1, 0, 1, 0, 0] [74, 47, 47, 47, 0, 0, 26, 25, 25, 72] Thread-8 8718
T0 [0, 2, 0, 0, 0, 1, 0, 1, 0, 0] [75, 47, 47, 47, 0, 0, 26, 25, 25, 72] Thread-2 8718
T1 [0, 1, 1, 0, 0, 1, 0, 0, 0, 0] [75, 48, 47, 47, 0, 0, 26, 25, 25, 72] Thread-3 8720
T2 [0, 1, 0, 1, 0, 1, 0, 0, 0, 0] [75, 48, 48, 47, 0, 0, 26, 25, 25, 72] Thread-3 8822
T7 [0, 1, 0, 1, 0, 0, 1, 0, 0, 0] [75, 48, 48, 47, 0, 0, 26, 26, 25, 72] Thread-5 8854
T3 [0, 1, 0, 0, 0, 0, 1, 1, 0, 1] [75, 48, 48, 48, 0, 0, 26, 26, 25, 72] Thread-3 8903
T9 [1, 1, 0, 0, 0, 0, 1, 1, 0, 0] [75, 48, 48, 48, 0, 0, 26, 26, 25, 73] Thread-6 8904
T0 [0, 2, 0, 0, 0, 0, 1, 1, 0, 0] [76, 48, 48, 48, 0, 0, 26, 26, 25, 73] Thread-0 8905
T1 [0, 1, 1, 0, 0, 0, 1, 0, 0, 0] [76, 49, 48, 48, 0, 0, 26, 26, 25, 73] Thread-3 8906
T8 [0, 1, 1, 0, 0, 0, 0, 0, 1, 1] [76, 49, 48, 48, 0, 0, 26, 26, 26, 73] Thread-5 8994
T9 [1, 1, 1, 0, 0, 0, 0, 0, 1, 0] [76, 49, 48, 48, 0, 0, 26, 26, 26, 74] Thread-7 8995
T0 [0, 2, 1, 0, 0, 0, 0, 0, 1, 0] [77, 49, 48, 48, 0, 0, 26, 26, 26, 74] Thread-1 8996
T6 [0, 1, 1, 0, 0, 1, 0, 0, 0, 0] [77, 49, 48, 48, 0, 0, 27, 26, 26, 74] Thread-5 8996
T2 [0, 1, 0, 1, 0, 1, 0, 0, 0, 0] [77, 49, 49, 48, 0, 0, 27, 26, 26, 74] Thread-3 9008
T3 [0, 1, 0, 0, 0, 1, 0, 1, 0, 1] [77, 49, 49, 49, 0, 0, 27, 26, 26, 74] Thread-3 9089
T9 [1, 1, 0, 0, 0, 1, 0, 1, 0, 0] [77, 49, 49, 49, 0, 0, 27, 26, 26, 75] Thread-8 9089
T0 [0, 2, 0, 0, 0, 1, 0, 1, 0, 0] [78, 49, 49, 49, 0, 0, 27, 26, 26, 75] Thread-2 9090
T1 [0, 1, 1, 0, 0, 1, 0, 0, 0, 0] [78, 50, 49, 49, 0, 0, 27, 26, 26, 75] Thread-3 9090
T2 [0, 1, 0, 1, 0, 1, 0, 0, 0, 0] [78, 50, 50, 49, 0, 0, 27, 26, 26, 75] Thread-3 9190
T7 [0, 1, 0, 1, 0, 0, 1, 0, 0, 0] [78, 50, 50, 49, 0, 0, 27, 27, 26, 75] Thread-5 9196
T3 [0, 1, 0, 0, 0, 0, 1, 1, 0, 1] [78, 50, 50, 50, 0, 0, 27, 27, 26, 75] Thread-3 9272
T9 [1, 1, 0, 0, 0, 0, 1, 1, 0, 0] [78, 50, 50, 50, 0, 0, 27, 27, 26, 76] Thread-6 9273
T0 [0, 2, 0, 0, 0, 0, 1, 1, 0, 0] [79, 50, 50, 50, 0, 0, 27, 27, 26, 76] Thread-0 9273
T1 [0, 1, 1, 0, 0, 0, 1, 0, 0, 0] [79, 51, 50, 50, 0, 0, 27, 27, 26, 76] Thread-3 9274
T8 [0, 1, 1, 0, 0, 0, 0, 0, 1, 1] [79, 51, 50, 50, 0, 0, 27, 27, 27, 76] Thread-5 9337
T9 [1, 1, 1, 0, 0, 0, 0, 0, 1, 0] [79, 51, 50, 50, 0, 0, 27, 27, 27, 77] Thread-7 9338
T0 [0, 2, 1, 0, 0, 0, 0, 0, 1, 0] [80, 51, 50, 50, 0, 0, 27, 27, 27, 77] Thread-1 9338
T6 [0, 1, 1, 0, 0, 1, 0, 0, 0, 0] [80, 51, 50, 50, 0, 0, 28, 27, 27, 77] Thread-5 9339
T2 [0, 1, 0, 1, 0, 1, 0, 0, 0, 0] [80, 51, 51, 50, 0, 0, 28, 27, 27, 77] Thread-3 9377
T3 [0, 1, 0, 0, 0, 1, 0, 1, 0, 1] [80, 51, 51, 51, 0, 0, 28, 27, 27, 77] Thread-3 9457
T9 [1, 1, 0, 0, 0, 1, 0, 1, 0, 0] [80, 51, 51, 51, 0, 0, 28, 27, 27, 78] Thread-8 9458
T0 [0, 2, 0, 0, 0, 1, 0, 1, 0, 0] [81, 51, 51, 51, 0, 0, 28, 27, 27, 78] Thread-2 9459
T1 [0, 1, 1, 0, 0, 1, 0, 0, 0, 0] [81, 52, 51, 51, 0, 0, 28, 27, 27, 78] Thread-3 9459
T7 [0, 1, 1, 0, 0, 0, 1, 0, 0, 0] [81, 52, 51, 51, 0, 0, 28, 28, 27, 78] Thread-5 9542
T2 [0, 1, 0, 1, 0, 0, 1, 0, 0, 0] [81, 52, 52, 51, 0, 0, 28, 28, 27, 78] Thread-3 9563
T3 [0, 1, 0, 0, 0, 0, 1, 1, 0, 1] [81, 52, 52, 52, 0, 0, 28, 28, 27, 78] Thread-3 9645
T9 [1, 1, 0, 0, 0, 0, 1, 1, 0, 0] [81, 52, 52, 52, 0, 0, 28, 28, 27, 79] Thread-6 9645
T0 [0, 2, 0, 0, 0, 0, 1, 1, 0, 0] [82, 52, 52, 52, 0, 0, 28, 28, 27, 79] Thread-0 9646
T1 [0, 1, 1, 0, 0, 0, 1, 0, 0, 0] [82, 53, 52, 52, 0, 0, 28, 28, 27, 79] Thread-3 9647
T8 [0, 1, 1, 0, 0, 0, 0, 0, 1, 1] [82, 53, 52, 52, 0, 0, 28, 28, 28, 79] Thread-5 9684
T9 [1, 1, 1, 0, 0, 0, 0, 0, 1, 0] [82, 53, 52, 52, 0, 0, 28, 28, 28, 80] Thread-7 9686
T0 [0, 2, 1, 0, 0, 0, 0, 0, 1, 0] [83, 53, 52, 52, 0, 0, 28, 28, 28, 80] Thread-1 9687
T6 [0, 1, 1, 0, 0, 1, 0, 0, 0, 0] [83, 53, 52, 52, 0, 0, 29, 28, 28, 80] Thread-5 9688
T2 [0, 1, 0, 1, 0, 1, 0, 0, 0, 0] [83, 53, 53, 52, 0, 0, 29, 28, 28, 80] Thread-3 9749
T3 [0, 1, 0, 0, 0, 1, 0, 1, 0, 1] [83, 53, 53, 53, 0, 0, 29, 28, 28, 80] Thread-3 9831
T9 [1, 1, 0, 0, 0, 1, 0, 1, 0, 0] [83, 53, 53, 53, 0, 0, 29, 28, 28, 81] Thread-8 9831
T0 [0, 2, 0, 0, 0, 1, 0, 1, 0, 0] [84, 53, 53, 53, 0, 0, 29, 28, 28, 81] Thread-2 9832
T1 [0, 1, 1, 0, 0, 1, 0, 0, 0, 0] [84, 54, 53, 53, 0, 0, 29, 28, 28, 81] Thread-3 9833
T7 [0, 1, 1, 0, 0, 0, 1, 0, 0, 0] [84, 54, 53, 53, 0, 0, 29, 29, 28, 81] Thread-5 9889
T2 [0, 1, 0, 1, 0, 0, 1, 0, 0, 0] [84, 54, 54, 53, 0, 0, 29, 29, 28, 81] Thread-3 9932
T3 [0, 1, 0, 0, 0, 0, 1, 1, 0, 1] [84, 54, 54, 54, 0, 0, 29, 29, 28, 81] Thread-3 10015
T9 [1, 1, 0, 0, 0, 0, 1, 1, 0, 0] [84, 54, 54, 54, 0, 0, 29, 29, 28, 82] Thread-6 10016
T0 [0, 2, 0, 0, 0, 0, 1, 1, 0, 0] [85, 54, 54, 54, 0, 0, 29, 29, 28, 82] Thread-0 10016
T1 [0, 1, 1, 0, 0, 0, 1, 0, 0, 0] [85, 55, 54, 54, 0, 0, 29, 29, 28, 82] Thread-3 10017
T8 [0, 1, 1, 0, 0, 0, 0, 0, 1, 1] [85, 55, 54, 54, 0, 0, 29, 29, 29, 82] Thread-5 10030
T9 [1, 1, 1, 0, 0, 0, 0, 0, 1, 0] [85, 55, 54, 54, 0, 0, 29, 29, 29, 83] Thread-7 10030
T0 [0, 2, 1, 0, 0, 0, 0, 0, 1, 0] [86, 55, 54, 54, 0, 0, 29, 29, 29, 83] Thread-1 10031
T6 [0, 1, 1, 0, 0, 1, 0, 0, 0, 0] [86, 55, 54, 54, 0, 0, 30, 29, 29, 83] Thread-5 10032
T2 [0, 1, 0, 1, 0, 1, 0, 0, 0, 0] [86, 55, 55, 54, 0, 0, 30, 29, 29, 83] Thread-3 10117
T3 [0, 1, 0, 0, 0, 1, 0, 1, 0, 1] [86, 55, 55, 55, 0, 0, 30, 29, 29, 83] Thread-3 10197
T9 [1, 1, 0, 0, 0, 1, 0, 1, 0, 0] [86, 55, 55, 55, 0, 0, 30, 29, 29, 84] Thread-8 10198
T0 [0, 2, 0, 0, 0, 1, 0, 1, 0, 0] [87, 55, 55, 55, 0, 0, 30, 29, 29, 84] Thread-2 10199
T1 [0, 1, 1, 0, 0, 1, 0, 0, 0, 0] [87, 56, 55, 55, 0, 0, 30, 29, 29, 84] Thread-3 10199
T7 [0, 1, 1, 0, 0, 0, 1, 0, 0, 0] [87, 56, 55, 55, 0, 0, 30, 30, 29, 84] Thread-5 10233
T2 [0, 1, 0, 1, 0, 0, 1, 0, 0, 0] [87, 56, 56, 55, 0, 0, 30, 30, 29, 84] Thread-3 10302
T8 [0, 1, 0, 1, 0, 0, 0, 0, 1, 1] [87, 56, 56, 55, 0, 0, 30, 30, 30, 84] Thread-5 10374
T9 [1, 1, 0, 1, 0, 0, 0, 0, 1, 0] [87, 56, 56, 55, 0, 0, 30, 30, 30, 85] Thread-6 10374
T0 [0, 2, 0, 1, 0, 0, 0, 0, 1, 0] [88, 56, 56, 55, 0, 0, 30, 30, 30, 85] Thread-0 10375
T6 [0, 1, 0, 1, 0, 1, 0, 0, 0, 0] [88, 56, 56, 55, 0, 0, 31, 30, 30, 85] Thread-5 10376
T3 [0, 1, 0, 0, 0, 1, 0, 1, 0, 1] [88, 56, 56, 56, 0, 0, 31, 30, 30, 85] Thread-3 10382
T9 [1, 1, 0, 0, 0, 1, 0, 1, 0, 0] [88, 56, 56, 56, 0, 0, 31, 30, 30, 86] Thread-7 10383
T0 [0, 2, 0, 0, 0, 1, 0, 1, 0, 0] [89, 56, 56, 56, 0, 0, 31, 30, 30, 86] Thread-1 10384
T1 [0, 1, 1, 0, 0, 1, 0, 0, 0, 0] [89, 57, 56, 56, 0, 0, 31, 30, 30, 86] Thread-3 10384
T2 [0, 1, 0, 1, 0, 1, 0, 0, 0, 0] [89, 57, 57, 56, 0, 0, 31, 30, 30, 86] Thread-3 10485
T3 [0, 1, 0, 0, 0, 1, 0, 1, 0, 1] [89, 57, 57, 57, 0, 0, 31, 30, 30, 86] Thread-3 10567
T9 [1, 1, 0, 0, 0, 1, 0, 1, 0, 0] [89, 57, 57, 57, 0, 0, 31, 30, 30, 87] Thread-8 10567
T0 [0, 2, 0, 0, 0, 1, 0, 1, 0, 0] [90, 57, 57, 57, 0, 0, 31, 30, 30, 87] Thread-2 10568
T1 [0, 1, 1, 0, 0, 1, 0, 0, 0, 0] [90, 58, 57, 57, 0, 0, 31, 30, 30, 87] Thread-3 10570
T7 [0, 1, 1, 0, 0, 0, 1, 0, 0, 0] [90, 58, 57, 57, 0, 0, 31, 31, 30, 87] Thread-5 10576
T2 [0, 1, 0, 1, 0, 0, 1, 0, 0, 0] [90, 58, 58, 57, 0, 0, 31, 31, 30, 87] Thread-3 10669
T8 [0, 1, 0, 1, 0, 0, 0, 0, 1, 1] [90, 58, 58, 57, 0, 0, 31, 31, 31, 87] Thread-5 10718
T9 [1, 1, 0, 1, 0, 0, 0, 0, 1, 0] [90, 58, 58, 57, 0, 0, 31, 31, 31, 88] Thread-6 10718
T0 [0, 2, 0, 1, 0, 0, 0, 0, 1, 0] [91, 58, 58, 57, 0, 0, 31, 31, 31, 88] Thread-0 10719
T6 [0, 1, 0, 1, 0, 1, 0, 0, 0, 0] [91, 58, 58, 57, 0, 0, 32, 31, 31, 88] Thread-5 10719
T3 [0, 1, 0, 0, 0, 1, 0, 1, 0, 1] [91, 58, 58, 58, 0, 0, 32, 31, 31, 88] Thread-3 10751
T9 [1, 1, 0, 0, 0, 1, 0, 1, 0, 0] [91, 58, 58, 58, 0, 0, 32, 31, 31, 89] Thread-7 10751
T0 [0, 2, 0, 0, 0, 1, 0, 1, 0, 0] [92, 58, 58, 58, 0, 0, 32, 31, 31, 89] Thread-1 10752
T1 [0, 1, 1, 0, 0, 1, 0, 0, 0, 0] [92, 59, 58, 58, 0, 0, 32, 31, 31, 89] Thread-3 10753
T2 [0, 1, 0, 1, 0, 1, 0, 0, 0, 0] [92, 59, 59, 58, 0, 0, 32, 31, 31, 89] Thread-3 10854
T7 [0, 1, 0, 1, 0, 0, 1, 0, 0, 0] [92, 59, 59, 58, 0, 0, 32, 32, 31, 89] Thread-5 10920
T3 [0, 1, 0, 0, 0, 0, 1, 1, 0, 1] [92, 59, 59, 59, 0, 0, 32, 32, 31, 89] Thread-3 10935
T9 [1, 1, 0, 0, 0, 0, 1, 1, 0, 0] [92, 59, 59, 59, 0, 0, 32, 32, 31, 90] Thread-8 10936
T0 [0, 2, 0, 0, 0, 0, 1, 1, 0, 0] [93, 59, 59, 59, 0, 0, 32, 32, 31, 90] Thread-2 10937
T1 [0, 1, 1, 0, 0, 0, 1, 0, 0, 0] [93, 60, 59, 59, 0, 0, 32, 32, 31, 90] Thread-3 10938
T2 [0, 1, 0, 1, 0, 0, 1, 0, 0, 0] [93, 60, 60, 59, 0, 0, 32, 32, 31, 90] Thread-3 11039
T8 [0, 1, 0, 1, 0, 0, 0, 0, 1, 1] [93, 60, 60, 59, 0, 0, 32, 32, 32, 90] Thread-5 11061
T9 [1, 1, 0, 1, 0, 0, 0, 0, 1, 0] [93, 60, 60, 59, 0, 0, 32, 32, 32, 91] Thread-6 11062
T0 [0, 2, 0, 1, 0, 0, 0, 0, 1, 0] [94, 60, 60, 59, 0, 0, 32, 32, 32, 91] Thread-0 11063
T6 [0, 1, 0, 1, 0, 1, 0, 0, 0, 0] [94, 60, 60, 59, 0, 0, 33, 32, 32, 91] Thread-5 11063
T3 [0, 1, 0, 0, 0, 1, 0, 1, 0, 1] [94, 60, 60, 60, 0, 0, 33, 32, 32, 91] Thread-3 11121
T9 [1, 1, 0, 0, 0, 1, 0, 1, 0, 0] [94, 60, 60, 60, 0, 0, 33, 32, 32, 92] Thread-7 11122
T0 [0, 2, 0, 0, 0, 1, 0, 1, 0, 0] [95, 60, 60, 60, 0, 0, 33, 32, 32, 92] Thread-1 11123
T1 [0, 1, 1, 0, 0, 1, 0, 0, 0, 0] [95, 61, 60, 60, 0, 0, 33, 32, 32, 92] Thread-3 11123
T2 [0, 1, 0, 1, 0, 1, 0, 0, 0, 0] [95, 61, 61, 60, 0, 0, 33, 32, 32, 92] Thread-3 11224
T7 [0, 1, 0, 1, 0, 0, 1, 0, 0, 0] [95, 61, 61, 60, 0, 0, 33, 33, 32, 92] Thread-5 11265
T3 [0, 1, 0, 0, 0, 0, 1, 1, 0, 1] [95, 61, 61, 61, 0, 0, 33, 33, 32, 92] Thread-3 11306
T9 [1, 1, 0, 0, 0, 0, 1, 1, 0, 0] [95, 61, 61, 61, 0, 0, 33, 33, 32, 93] Thread-8 11306
T0 [0, 2, 0, 0, 0, 0, 1, 1, 0, 0] [96, 61, 61, 61, 0, 0, 33, 33, 32, 93] Thread-2 11307
T1 [0, 1, 1, 0, 0, 0, 1, 0, 0, 0] [96, 62, 61, 61, 0, 0, 33, 33, 32, 93] Thread-3 11308
T8 [0, 1, 1, 0, 0, 0, 0, 0, 1, 1] [96, 62, 61, 61, 0, 0, 33, 33, 33, 93] Thread-5 11406
T9 [1, 1, 1, 0, 0, 0, 0, 0, 1, 0] [96, 62, 61, 61, 0, 0, 33, 33, 33, 94] Thread-6 11406
T0 [0, 2, 1, 0, 0, 0, 0, 0, 1, 0] [97, 62, 61, 61, 0, 0, 33, 33, 33, 94] Thread-0 11407
T6 [0, 1, 1, 0, 0, 1, 0, 0, 0, 0] [97, 62, 61, 61, 0, 0, 34, 33, 33, 94] Thread-5 11407
T2 [0, 1, 0, 1, 0, 1, 0, 0, 0, 0] [97, 62, 62, 61, 0, 0, 34, 33, 33, 94] Thread-3 11409
T3 [0, 1, 0, 0, 0, 1, 0, 1, 0, 1] [97, 62, 62, 62, 0, 0, 34, 33, 33, 94] Thread-3 11487
T9 [1, 1, 0, 0, 0, 1, 0, 1, 0, 0] [97, 62, 62, 62, 0, 0, 34, 33, 33, 95] Thread-7 11488
T0 [0, 2, 0, 0, 0, 1, 0, 1, 0, 0] [98, 62, 62, 62, 0, 0, 34, 33, 33, 95] Thread-1 11489
T1 [0, 1, 1, 0, 0, 1, 0, 0, 0, 0] [98, 63, 62, 62, 0, 0, 34, 33, 33, 95] Thread-3 11489
T2 [0, 1, 0, 1, 0, 1, 0, 0, 0, 0] [98, 63, 63, 62, 0, 0, 34, 33, 33, 95] Thread-3 11590
T7 [0, 1, 0, 1, 0, 0, 1, 0, 0, 0] [98, 63, 63, 62, 0, 0, 34, 34, 33, 95] Thread-5 11607
T3 [0, 1, 0, 0, 0, 0, 1, 1, 0, 1] [98, 63, 63, 63, 0, 0, 34, 34, 33, 95] Thread-3 11670
T9 [1, 1, 0, 0, 0, 0, 1, 1, 0, 0] [98, 63, 63, 63, 0, 0, 34, 34, 33, 96] Thread-8 11671
T0 [0, 2, 0, 0, 0, 0, 1, 1, 0, 0] [99, 63, 63, 63, 0, 0, 34, 34, 33, 96] Thread-2 11671
T1 [0, 1, 1, 0, 0, 0, 1, 0, 0, 0] [99, 64, 63, 63, 0, 0, 34, 34, 33, 96] Thread-3 11672
T8 [0, 1, 1, 0, 0, 0, 0, 0, 1, 1] [99, 64, 63, 63, 0, 0, 34, 34, 34, 96] Thread-5 11748
T9 [1, 1, 1, 0, 0, 0, 0, 0, 1, 0] [99, 64, 63, 63, 0, 0, 34, 34, 34, 97] Thread-6 11749
T0 [0, 2, 1, 0, 0, 0, 0, 0, 1, 0] [100, 64, 63, 63, 0, 0, 34, 34, 34, 97] Thread-0 11750
T6 [0, 1, 1, 0, 0, 1, 0, 0, 0, 0] [100, 64, 63, 63, 0, 0, 35, 34, 34, 97] Thread-5 11751
T2 [0, 1, 0, 1, 0, 1, 0, 0, 0, 0] [100, 64, 64, 63, 0, 0, 35, 34, 34, 97] Thread-3 11775
T3 [0, 1, 0, 0, 0, 1, 0, 1, 0, 1] [100, 64, 64, 64, 0, 0, 35, 34, 34, 97] Thread-3 11855
T9 [1, 1, 0, 0, 0, 1, 0, 1, 0, 0] [100, 64, 64, 64, 0, 0, 35, 34, 34, 98] Thread-7 11856
T0 [0, 2, 0, 0, 0, 1, 0, 1, 0, 0] [101, 64, 64, 64, 0, 0, 35, 34, 34, 98] Thread-1 11857
T1 [0, 1, 1, 0, 0, 1, 0, 0, 0, 0] [101, 65, 64, 64, 0, 0, 35, 34, 34, 98] Thread-3 11857
T7 [0, 1, 1, 0, 0, 0, 1, 0, 0, 0] [101, 65, 64, 64, 0, 0, 35, 35, 34, 98] Thread-5 11951
T2 [0, 1, 0, 1, 0, 0, 1, 0, 0, 0] [101, 65, 65, 64, 0, 0, 35, 35, 34, 98] Thread-3 11958
T3 [0, 1, 0, 0, 0, 0, 1, 1, 0, 1] [101, 65, 65, 65, 0, 0, 35, 35, 34, 98] Thread-3 12040
T9 [1, 1, 0, 0, 0, 0, 1, 1, 0, 0] [101, 65, 65, 65, 0, 0, 35, 35, 34, 99] Thread-8 12040
T0 [0, 2, 0, 0, 0, 0, 1, 1, 0, 0] [102, 65, 65, 65, 0, 0, 35, 35, 34, 99] Thread-2 12041
T1 [0, 1, 1, 0, 0, 0, 1, 0, 0, 0] [102, 66, 65, 65, 0, 0, 35, 35, 34, 99] Thread-3 12042
T8 [0, 1, 1, 0, 0, 0, 0, 0, 1, 1] [102, 66, 65, 65, 0, 0, 35, 35, 35, 99] Thread-5 12095
T9 [1, 1, 1, 0, 0, 0, 0, 0, 1, 0] [102, 66, 65, 65, 0, 0, 35, 35, 35, 100] Thread-6 12095
T0 [0, 2, 1, 0, 0, 0, 0, 0, 1, 0] [103, 66, 65, 65, 0, 0, 35, 35, 35, 100] Thread-0 12096
T6 [0, 1, 1, 0, 0, 1, 0, 0, 0, 0] [103, 66, 65, 65, 0, 0, 36, 35, 35, 100] Thread-5 12097
T2 [0, 1, 0, 1, 0, 1, 0, 0, 0, 0] [103, 66, 66, 65, 0, 0, 36, 35, 35, 100] Thread-3 12143
T3 [0, 1, 0, 0, 0, 1, 0, 1, 0, 1] [103, 66, 66, 66, 0, 0, 36, 35, 35, 100] Thread-3 12222
T9 [1, 1, 0, 0, 0, 1, 0, 1, 0, 0] [103, 66, 66, 66, 0, 0, 36, 35, 35, 101] Thread-7 12223
T0 [0, 2, 0, 0, 0, 1, 0, 1, 0, 0] [104, 66, 66, 66, 0, 0, 36, 35, 35, 101] Thread-1 12223
T1 [0, 1, 1, 0, 0, 1, 0, 0, 0, 0] [104, 67, 66, 66, 0, 0, 36, 35, 35, 101] Thread-3 12225
T7 [0, 1, 1, 0, 0, 0, 1, 0, 0, 0] [104, 67, 66, 66, 0, 0, 36, 36, 35, 101] Thread-5 12298
T2 [0, 1, 0, 1, 0, 0, 1, 0, 0, 0] [104, 67, 67, 66, 0, 0, 36, 36, 35, 101] Thread-3 12326
T3 [0, 1, 0, 0, 0, 0, 1, 1, 0, 1] [104, 67, 67, 67, 0, 0, 36, 36, 35, 101] Thread-3 12409
T9 [1, 1, 0, 0, 0, 0, 1, 1, 0, 0] [104, 67, 67, 67, 0, 0, 36, 36, 35, 102] Thread-8 12409
T0 [0, 2, 0, 0, 0, 0, 1, 1, 0, 0] [105, 67, 67, 67, 0, 0, 36, 36, 35, 102] Thread-2 12410
T1 [0, 1, 1, 0, 0, 0, 1, 0, 0, 0] [105, 68, 67, 67, 0, 0, 36, 36, 35, 102] Thread-3 12411
T8 [0, 1, 1, 0, 0, 0, 0, 0, 1, 1] [105, 68, 67, 67, 0, 0, 36, 36, 36, 102] Thread-5 12437
T9 [1, 1, 1, 0, 0, 0, 0, 0, 1, 0] [105, 68, 67, 67, 0, 0, 36, 36, 36, 103] Thread-6 12438
T0 [0, 2, 1, 0, 0, 0, 0, 0, 1, 0] [106, 68, 67, 67, 0, 0, 36, 36, 36, 103] Thread-0 12439
T6 [0, 1, 1, 0, 0, 1, 0, 0, 0, 0] [106, 68, 67, 67, 0, 0, 37, 36, 36, 103] Thread-5 12440
T2 [0, 1, 0, 1, 0, 1, 0, 0, 0, 0] [106, 68, 68, 67, 0, 0, 37, 36, 36, 103] Thread-3 12511
T3 [0, 1, 0, 0, 0, 1, 0, 1, 0, 1] [106, 68, 68, 68, 0, 0, 37, 36, 36, 103] Thread-3 12592
T9 [1, 1, 0, 0, 0, 1, 0, 1, 0, 0] [106, 68, 68, 68, 0, 0, 37, 36, 36, 104] Thread-7 12593
T0 [0, 2, 0, 0, 0, 1, 0, 1, 0, 0] [107, 68, 68, 68, 0, 0, 37, 36, 36, 104] Thread-1 12594
T1 [0, 1, 1, 0, 0, 1, 0, 0, 0, 0] [107, 69, 68, 68, 0, 0, 37, 36, 36, 104] Thread-3 12594
T7 [0, 1, 1, 0, 0, 0, 1, 0, 0, 0] [107, 69, 68, 68, 0, 0, 37, 37, 36, 104] Thread-5 12642
T2 [0, 1, 0, 1, 0, 0, 1, 0, 0, 0] [107, 69, 69, 68, 0, 0, 37, 37, 36, 104] Thread-3 12695
T3 [0, 1, 0, 0, 0, 0, 1, 1, 0, 1] [107, 69, 69, 69, 0, 0, 37, 37, 36, 104] Thread-3 12776
T9 [1, 1, 0, 0, 0, 0, 1, 1, 0, 0] [107, 69, 69, 69, 0, 0, 37, 37, 36, 105] Thread-8 12777
T0 [0, 2, 0, 0, 0, 0, 1, 1, 0, 0] [108, 69, 69, 69, 0, 0, 37, 37, 36, 105] Thread-2 12778
T1 [0, 1, 1, 0, 0, 0, 1, 0, 0, 0] [108, 70, 69, 69, 0, 0, 37, 37, 36, 105] Thread-3 12779
T8 [0, 1, 1, 0, 0, 0, 0, 0, 1, 1] [108, 70, 69, 69, 0, 0, 37, 37, 37, 105] Thread-5 12782
T9 [1, 1, 1, 0, 0, 0, 0, 0, 1, 0] [108, 70, 69, 69, 0, 0, 37, 37, 37, 106] Thread-6 12783
T0 [0, 2, 1, 0, 0, 0, 0, 0, 1, 0] [109, 70, 69, 69, 0, 0, 37, 37, 37, 106] Thread-0 12783
T6 [0, 1, 1, 0, 0, 1, 0, 0, 0, 0] [109, 70, 69, 69, 0, 0, 38, 37, 37, 106] Thread-5 12784
T2 [0, 1, 0, 1, 0, 1, 0, 0, 0, 0] [109, 70, 70, 69, 0, 0, 38, 37, 37, 106] Thread-3 12880
T3 [0, 1, 0, 0, 0, 1, 0, 1, 0, 1] [109, 70, 70, 70, 0, 0, 38, 37, 37, 106] Thread-3 12960
T9 [1, 1, 0, 0, 0, 1, 0, 1, 0, 0] [109, 70, 70, 70, 0, 0, 38, 37, 37, 107] Thread-7 12961
T0 [0, 2, 0, 0, 0, 1, 0, 1, 0, 0] [110, 70, 70, 70, 0, 0, 38, 37, 37, 107] Thread-1 12962
T1 [0, 1, 1, 0, 0, 1, 0, 0, 0, 0] [110, 71, 70, 70, 0, 0, 38, 37, 37, 107] Thread-3 12962
T7 [0, 1, 1, 0, 0, 0, 1, 0, 0, 0] [110, 71, 70, 70, 0, 0, 38, 38, 37, 107] Thread-5 12985
T2 [0, 1, 0, 1, 0, 0, 1, 0, 0, 0] [110, 71, 71, 70, 0, 0, 38, 38, 37, 107] Thread-3 13064
T8 [0, 1, 0, 1, 0, 0, 0, 0, 1, 1] [110, 71, 71, 70, 0, 0, 38, 38, 38, 107] Thread-5 13127
T9 [1, 1, 0, 1, 0, 0, 0, 0, 1, 0] [110, 71, 71, 70, 0, 0, 38, 38, 38, 108] Thread-8 13127
T0 [0, 2, 0, 1, 0, 0, 0, 0, 1, 0] [111, 71, 71, 70, 0, 0, 38, 38, 38, 108] Thread-2 13129
T6 [0, 1, 0, 1, 0, 1, 0, 0, 0, 0] [111, 71, 71, 70, 0, 0, 39, 38, 38, 108] Thread-5 13129
T3 [0, 1, 0, 0, 0, 1, 0, 1, 0, 1] [111, 71, 71, 71, 0, 0, 39, 38, 38, 108] Thread-3 13144
T9 [1, 1, 0, 0, 0, 1, 0, 1, 0, 0] [111, 71, 71, 71, 0, 0, 39, 38, 38, 109] Thread-6 13145
T0 [0, 2, 0, 0, 0, 1, 0, 1, 0, 0] [112, 71, 71, 71, 0, 0, 39, 38, 38, 109] Thread-0 13146
T1 [0, 1, 1, 0, 0, 1, 0, 0, 0, 0] [112, 72, 71, 71, 0, 0, 39, 38, 38, 109] Thread-3 13146
T2 [0, 1, 0, 1, 0, 1, 0, 0, 0, 0] [112, 72, 72, 71, 0, 0, 39, 38, 38, 109] Thread-3 13249
T3 [0, 1, 0, 0, 0, 1, 0, 1, 0, 1] [112, 72, 72, 72, 0, 0, 39, 38, 38, 109] Thread-3 13329
T9 [1, 1, 0, 0, 0, 1, 0, 1, 0, 0] [112, 72, 72, 72, 0, 0, 39, 38, 38, 110] Thread-7 13331
T0 [0, 2, 0, 0, 0, 1, 0, 1, 0, 0] [113, 72, 72, 72, 0, 0, 39, 38, 38, 110] Thread-1 13331
T7 [0, 2, 0, 0, 0, 0, 1, 1, 0, 0] [113, 72, 72, 72, 0, 0, 39, 39, 38, 110] Thread-5 13332
T1 [0, 1, 1, 0, 0, 0, 1, 0, 0, 0] [113, 73, 72, 72, 0, 0, 39, 39, 38, 110] Thread-3 13333
T2 [0, 1, 0, 1, 0, 0, 1, 0, 0, 0] [113, 73, 73, 72, 0, 0, 39, 39, 38, 110] Thread-3 13435
T8 [0, 1, 0, 1, 0, 0, 0, 0, 1, 1] [113, 73, 73, 72, 0, 0, 39, 39, 39, 110] Thread-5 13473
T9 [1, 1, 0, 1, 0, 0, 0, 0, 1, 0] [113, 73, 73, 72, 0, 0, 39, 39, 39, 111] Thread-8 13475
T0 [0, 2, 0, 1, 0, 0, 0, 0, 1, 0] [114, 73, 73, 72, 0, 0, 39, 39, 39, 111] Thread-2 13476
T6 [0, 1, 0, 1, 0, 1, 0, 0, 0, 0] [114, 73, 73, 72, 0, 0, 40, 39, 39, 111] Thread-5 13477
T3 [0, 1, 0, 0, 0, 1, 0, 1, 0, 1] [114, 73, 73, 73, 0, 0, 40, 39, 39, 111] Thread-3 13516
T9 [1, 1, 0, 0, 0, 1, 0, 1, 0, 0] [114, 73, 73, 73, 0, 0, 40, 39, 39, 112] Thread-6 13517
T0 [0, 2, 0, 0, 0, 1, 0, 1, 0, 0] [115, 73, 73, 73, 0, 0, 40, 39, 39, 112] Thread-0 13519
T1 [0, 1, 1, 0, 0, 1, 0, 0, 0, 0] [115, 74, 73, 73, 0, 0, 40, 39, 39, 112] Thread-3 13520
T2 [0, 1, 0, 1, 0, 1, 0, 0, 0, 0] [115, 74, 74, 73, 0, 0, 40, 39, 39, 112] Thread-3 13621
T7 [0, 1, 0, 1, 0, 0, 1, 0, 0, 0] [115, 74, 74, 73, 0, 0, 40, 40, 39, 112] Thread-5 13679
T3 [0, 1, 0, 0, 0, 0, 1, 1, 0, 1] [115, 74, 74, 74, 0, 0, 40, 40, 39, 112] Thread-3 13703
T9 [1, 1, 0, 0, 0, 0, 1, 1, 0, 0] [115, 74, 74, 74, 0, 0, 40, 40, 39, 113] Thread-7 13704
T0 [0, 2, 0, 0, 0, 0, 1, 1, 0, 0] [116, 74, 74, 74, 0, 0, 40, 40, 39, 113] Thread-1 13705
T1 [0, 1, 1, 0, 0, 0, 1, 0, 0, 0] [116, 75, 74, 74, 0, 0, 40, 40, 39, 113] Thread-3 13706
T2 [0, 1, 0, 1, 0, 0, 1, 0, 0, 0] [116, 75, 75, 74, 0, 0, 40, 40, 39, 113] Thread-3 13807
T8 [0, 1, 0, 1, 0, 0, 0, 0, 1, 1] [116, 75, 75, 74, 0, 0, 40, 40, 40, 113] Thread-5 13821
T9 [1, 1, 0, 1, 0, 0, 0, 0, 1, 0] [116, 75, 75, 74, 0, 0, 40, 40, 40, 114] Thread-8 13822
T0 [0, 2, 0, 1, 0, 0, 0, 0, 1, 0] [117, 75, 75, 74, 0, 0, 40, 40, 40, 114] Thread-2 13823
T6 [0, 1, 0, 1, 0, 1, 0, 0, 0, 0] [117, 75, 75, 74, 0, 0, 41, 40, 40, 114] Thread-5 13824
T3 [0, 1, 0, 0, 0, 1, 0, 1, 0, 1] [117, 75, 75, 75, 0, 0, 41, 40, 40, 114] Thread-3 13888
T9 [1, 1, 0, 0, 0, 1, 0, 1, 0, 0] [117, 75, 75, 75, 0, 0, 41, 40, 40, 115] Thread-6 13888
T0 [0, 2, 0, 0, 0, 1, 0, 1, 0, 0] [118, 75, 75, 75, 0, 0, 41, 40, 40, 115] Thread-0 13890
T1 [0, 1, 1, 0, 0, 1, 0, 0, 0, 0] [118, 76, 75, 75, 0, 0, 41, 40, 40, 115] Thread-3 13891
T2 [0, 1, 0, 1, 0, 1, 0, 0, 0, 0] [118, 76, 76, 75, 0, 0, 41, 40, 40, 115] Thread-3 13991
T7 [0, 1, 0, 1, 0, 0, 1, 0, 0, 0] [118, 76, 76, 75, 0, 0, 41, 41, 40, 115] Thread-5 14026
T3 [0, 1, 0, 0, 0, 0, 1, 1, 0, 1] [118, 76, 76, 76, 0, 0, 41, 41, 40, 115] Thread-3 14073
T9 [1, 1, 0, 0, 0, 0, 1, 1, 0, 0] [118, 76, 76, 76, 0, 0, 41, 41, 40, 116] Thread-7 14073
T0 [0, 2, 0, 0, 0, 0, 1, 1, 0, 0] [119, 76, 76, 76, 0, 0, 41, 41, 40, 116] Thread-1 14074
T1 [0, 1, 1, 0, 0, 0, 1, 0, 0, 0] [119, 77, 76, 76, 0, 0, 41, 41, 40, 116] Thread-3 14074
T8 [0, 1, 1, 0, 0, 0, 0, 0, 1, 1] [119, 77, 76, 76, 0, 0, 41, 41, 41, 116] Thread-5 14167
T9 [1, 1, 1, 0, 0, 0, 0, 0, 1, 0] [119, 77, 76, 76, 0, 0, 41, 41, 41, 117] Thread-8 14167
T0 [0, 2, 1, 0, 0, 0, 0, 0, 1, 0] [120, 77, 76, 76, 0, 0, 41, 41, 41, 117] Thread-2 14168
T6 [0, 1, 1, 0, 0, 1, 0, 0, 0, 0] [120, 77, 76, 76, 0, 0, 42, 41, 41, 117] Thread-5 14169
T2 [0, 1, 0, 1, 0, 1, 0, 0, 0, 0] [120, 77, 77, 76, 0, 0, 42, 41, 41, 117] Thread-3 14175
T3 [0, 1, 0, 0, 0, 1, 0, 1, 0, 1] [120, 77, 77, 77, 0, 0, 42, 41, 41, 117] Thread-3 14257
T9 [1, 1, 0, 0, 0, 1, 0, 1, 0, 0] [120, 77, 77, 77, 0, 0, 42, 41, 41, 118] Thread-6 14258
T0 [0, 2, 0, 0, 0, 1, 0, 1, 0, 0] [121, 77, 77, 77, 0, 0, 42, 41, 41, 118] Thread-0 14259
T1 [0, 1, 1, 0, 0, 1, 0, 0, 0, 0] [121, 78, 77, 77, 0, 0, 42, 41, 41, 118] Thread-3 14260
T2 [0, 1, 0, 1, 0, 1, 0, 0, 0, 0] [121, 78, 78, 77, 0, 0, 42, 41, 41, 118] Thread-3 14361
T7 [0, 1, 0, 1, 0, 0, 1, 0, 0, 0] [121, 78, 78, 77, 0, 0, 42, 42, 41, 118] Thread-5 14371
T3 [0, 1, 0, 0, 0, 0, 1, 1, 0, 1] [121, 78, 78, 78, 0, 0, 42, 42, 41, 118] Thread-3 14442
T9 [1, 1, 0, 0, 0, 0, 1, 1, 0, 0] [121, 78, 78, 78, 0, 0, 42, 42, 41, 119] Thread-7 14443
T0 [0, 2, 0, 0, 0, 0, 1, 1, 0, 0] [122, 78, 78, 78, 0, 0, 42, 42, 41, 119] Thread-1 14443
T1 [0, 1, 1, 0, 0, 0, 1, 0, 0, 0] [122, 79, 78, 78, 0, 0, 42, 42, 41, 119] Thread-3 14444
T8 [0, 1, 1, 0, 0, 0, 0, 0, 1, 1] [122, 79, 78, 78, 0, 0, 42, 42, 42, 119] Thread-5 14513
T9 [1, 1, 1, 0, 0, 0, 0, 0, 1, 0] [122, 79, 78, 78, 0, 0, 42, 42, 42, 120] Thread-8 14514
T0 [0, 2, 1, 0, 0, 0, 0, 0, 1, 0] [123, 79, 78, 78, 0, 0, 42, 42, 42, 120] Thread-2 14514
T6 [0, 1, 1, 0, 0, 1, 0, 0, 0, 0] [123, 79, 78, 78, 0, 0, 43, 42, 42, 120] Thread-5 14515
T2 [0, 1, 0, 1, 0, 1, 0, 0, 0, 0] [123, 79, 79, 78, 0, 0, 43, 42, 42, 120] Thread-3 14545
T3 [0, 1, 0, 0, 0, 1, 0, 1, 0, 1] [123, 79, 79, 79, 0, 0, 43, 42, 42, 120] Thread-3 14627
T9 [1, 1, 0, 0, 0, 1, 0, 1, 0, 0] [123, 79, 79, 79, 0, 0, 43, 42, 42, 121] Thread-6 14627
T0 [0, 2, 0, 0, 0, 1, 0, 1, 0, 0] [124, 79, 79, 79, 0, 0, 43, 42, 42, 121] Thread-0 14629
T1 [0, 1, 1, 0, 0, 1, 0, 0, 0, 0] [124, 80, 79, 79, 0, 0, 43, 42, 42, 121] Thread-3 14630
T7 [0, 1, 1, 0, 0, 0, 1, 0, 0, 0] [124, 80, 79, 79, 0, 0, 43, 43, 42, 121] Thread-5 14717
T2 [0, 1, 0, 1, 0, 0, 1, 0, 0, 0] [124, 80, 80, 79, 0, 0, 43, 43, 42, 121] Thread-3 14731
T3 [0, 1, 0, 0, 0, 0, 1, 1, 0, 1] [124, 80, 80, 80, 0, 0, 43, 43, 42, 121] Thread-3 14811
T9 [1, 1, 0, 0, 0, 0, 1, 1, 0, 0] [124, 80, 80, 80, 0, 0, 43, 43, 42, 122] Thread-7 14812
T0 [0, 2, 0, 0, 0, 0, 1, 1, 0, 0] [125, 80, 80, 80, 0, 0, 43, 43, 42, 122] Thread-1 14813
T1 [0, 1, 1, 0, 0, 0, 1, 0, 0, 0] [125, 81, 80, 80, 0, 0, 43, 43, 42, 122] Thread-3 14814
T8 [0, 1, 1, 0, 0, 0, 0, 0, 1, 1] [125, 81, 80, 80, 0, 0, 43, 43, 43, 122] Thread-5 14859
T9 [1, 1, 1, 0, 0, 0, 0, 0, 1, 0] [125, 81, 80, 80, 0, 0, 43, 43, 43, 123] Thread-8 14860
T0 [0, 2, 1, 0, 0, 0, 0, 0, 1, 0] [126, 81, 80, 80, 0, 0, 43, 43, 43, 123] Thread-2 14860
T6 [0, 1, 1, 0, 0, 1, 0, 0, 0, 0] [126, 81, 80, 80, 0, 0, 44, 43, 43, 123] Thread-5 14861
T2 [0, 1, 0, 1, 0, 1, 0, 0, 0, 0] [126, 81, 81, 80, 0, 0, 44, 43, 43, 123] Thread-3 14915
T3 [0, 1, 0, 0, 0, 1, 0, 1, 0, 1] [126, 81, 81, 81, 0, 0, 44, 43, 43, 123] Thread-3 14996
T9 [1, 1, 0, 0, 0, 1, 0, 1, 0, 0] [126, 81, 81, 81, 0, 0, 44, 43, 43, 124] Thread-6 14996
T0 [0, 2, 0, 0, 0, 1, 0, 1, 0, 0] [127, 81, 81, 81, 0, 0, 44, 43, 43, 124] Thread-0 14997
T1 [0, 1, 1, 0, 0, 1, 0, 0, 0, 0] [127, 82, 81, 81, 0, 0, 44, 43, 43, 124] Thread-3 14998
T7 [0, 1, 1, 0, 0, 0, 1, 0, 0, 0] [127, 82, 81, 81, 0, 0, 44, 44, 43, 124] Thread-5 15064
T2 [0, 1, 0, 1, 0, 0, 1, 0, 0, 0] [127, 82, 82, 81, 0, 0, 44, 44, 43, 124] Thread-3 15100
T3 [0, 1, 0, 0, 0, 0, 1, 1, 0, 1] [127, 82, 82, 82, 0, 0, 44, 44, 43, 124] Thread-3 15181
T9 [1, 1, 0, 0, 0, 0, 1, 1, 0, 0] [127, 82, 82, 82, 0, 0, 44, 44, 43, 125] Thread-7 15181
T0 [0, 2, 0, 0, 0, 0, 1, 1, 0, 0] [128, 82, 82, 82, 0, 0, 44, 44, 43, 125] Thread-1 15182
T1 [0, 1, 1, 0, 0, 0, 1, 0, 0, 0] [128, 83, 82, 82, 0, 0, 44, 44, 43, 125] Thread-3 15183
T8 [0, 1, 1, 0, 0, 0, 0, 0, 1, 1] [128, 83, 82, 82, 0, 0, 44, 44, 44, 125] Thread-5 15205
T9 [1, 1, 1, 0, 0, 0, 0, 0, 1, 0] [128, 83, 82, 82, 0, 0, 44, 44, 44, 126] Thread-8 15206
T0 [0, 2, 1, 0, 0, 0, 0, 0, 1, 0] [129, 83, 82, 82, 0, 0, 44, 44, 44, 126] Thread-2 15206
T6 [0, 1, 1, 0, 0, 1, 0, 0, 0, 0] [129, 83, 82, 82, 0, 0, 45, 44, 44, 126] Thread-5 15207
T2 [0, 1, 0, 1, 0, 1, 0, 0, 0, 0] [129, 83, 83, 82, 0, 0, 45, 44, 44, 126] Thread-3 15284
T3 [0, 1, 0, 0, 0, 1, 0, 1, 0, 1] [129, 83, 83, 83, 0, 0, 45, 44, 44, 126] Thread-3 15365
T9 [1, 1, 0, 0, 0, 1, 0, 1, 0, 0] [129, 83, 83, 83, 0, 0, 45, 44, 44, 127] Thread-6 15365
T0 [0, 2, 0, 0, 0, 1, 0, 1, 0, 0] [130, 83, 83, 83, 0, 0, 45, 44, 44, 127] Thread-0 15366
T1 [0, 1, 1, 0, 0, 1, 0, 0, 0, 0] [130, 84, 83, 83, 0, 0, 45, 44, 44, 127] Thread-3 15367
T7 [0, 1, 1, 0, 0, 0, 1, 0, 0, 0] [130, 84, 83, 83, 0, 0, 45, 45, 44, 127] Thread-5 15409
T2 [0, 1, 0, 1, 0, 0, 1, 0, 0, 0] [130, 84, 84, 83, 0, 0, 45, 45, 44, 127] Thread-3 15468
T3 [0, 1, 0, 0, 0, 0, 1, 1, 0, 1] [130, 84, 84, 84, 0, 0, 45, 45, 44, 127] Thread-3 15549
T9 [1, 1, 0, 0, 0, 0, 1, 1, 0, 0] [130, 84, 84, 84, 0, 0, 45, 45, 44, 128] Thread-7 15550
T0 [0, 2, 0, 0, 0, 0, 1, 1, 0, 0] [131, 84, 84, 84, 0, 0, 45, 45, 44, 128] Thread-1 15550
T8 [0, 2, 0, 0, 0, 0, 0, 1, 1, 1] [131, 84, 84, 84, 0, 0, 45, 45, 45, 128] Thread-5 15551
T4 [0, 1, 0, 0, 1, 0, 0, 0, 0, 1] [131, 84, 84, 84, 1, 0, 45, 45, 45, 128] Thread-4 15552
T9 [1, 1, 0, 0, 1, 0, 0, 0, 0, 0] [131, 84, 84, 84, 1, 0, 45, 45, 45, 129] Thread-8 15553
T0 [0, 2, 0, 0, 1, 0, 0, 0, 0, 0] [132, 84, 84, 84, 1, 0, 45, 45, 45, 129] Thread-2 15554
T5 [0, 2, 0, 0, 0, 0, 0, 1, 1, 1] [132, 84, 84, 84, 1, 1, 45, 45, 45, 129] Thread-4 15952
T6 [0, 1, 0, 0, 0, 1, 0, 1, 0, 1] [132, 84, 84, 84, 1, 1, 46, 45, 45, 129] Thread-5 15953
T1 [0, 0, 1, 0, 0, 1, 0, 0, 0, 1] [132, 85, 84, 84, 1, 1, 46, 45, 45, 129] Thread-3 15954
T9 [1, 0, 1, 0, 0, 1, 0, 0, 0, 0] [132, 85, 84, 84, 1, 1, 46, 45, 45, 130] Thread-6 15955
T0 [0, 1, 1, 0, 0, 1, 0, 0, 0, 0] [133, 85, 84, 84, 1, 1, 46, 45, 45, 130] Thread-0 15956
T2 [0, 1, 0, 1, 0, 1, 0, 0, 0, 0] [133, 85, 85, 84, 1, 1, 46, 45, 45, 130] Thread-3 16056
T3 [0, 1, 0, 0, 0, 1, 0, 1, 0, 1] [133, 85, 85, 85, 1, 1, 46, 45, 45, 130] Thread-3 16139
T9 [1, 1, 0, 0, 0, 1, 0, 1, 0, 0] [133, 85, 85, 85, 1, 1, 46, 45, 45, 131] Thread-7 16140
T0 [0, 2, 0, 0, 0, 1, 0, 1, 0, 0] [134, 85, 85, 85, 1, 1, 46, 45, 45, 131] Thread-1 16140
T1 [0, 1, 1, 0, 0, 1, 0, 0, 0, 0] [134, 86, 85, 85, 1, 1, 46, 45, 45, 131] Thread-3 16141
T7 [0, 1, 1, 0, 0, 0, 1, 0, 0, 0] [134, 86, 85, 85, 1, 1, 46, 46, 45, 131] Thread-5 16154
T2 [0, 1, 0, 1, 0, 0, 1, 0, 0, 0] [134, 86, 86, 85, 1, 1, 46, 46, 45, 131] Thread-3 16244
T8 [0, 1, 0, 1, 0, 0, 0, 0, 1, 1] [134, 86, 86, 85, 1, 1, 46, 46, 46, 131] Thread-5 16295
T9 [1, 1, 0, 1, 0, 0, 0, 0, 1, 0] [134, 86, 86, 85, 1, 1, 46, 46, 46, 132] Thread-8 16296
T0 [0, 2, 0, 1, 0, 0, 0, 0, 1, 0] [135, 86, 86, 85, 1, 1, 46, 46, 46, 132] Thread-2 16297
T6 [0, 1, 0, 1, 0, 1, 0, 0, 0, 0] [135, 86, 86, 85, 1, 1, 47, 46, 46, 132] Thread-5 16298
T3 [0, 1, 0, 0, 0, 1, 0, 1, 0, 1] [135, 86, 86, 86, 1, 1, 47, 46, 46, 132] Thread-3 16323
T9 [1, 1, 0, 0, 0, 1, 0, 1, 0, 0] [135, 86, 86, 86, 1, 1, 47, 46, 46, 133] Thread-6 16324
T0 [0, 2, 0, 0, 0, 1, 0, 1, 0, 0] [136, 86, 86, 86, 1, 1, 47, 46, 46, 133] Thread-0 16325
T1 [0, 1, 1, 0, 0, 1, 0, 0, 0, 0] [136, 87, 86, 86, 1, 1, 47, 46, 46, 133] Thread-3 16326
T2 [0, 1, 0, 1, 0, 1, 0, 0, 0, 0] [136, 87, 87, 86, 1, 1, 47, 46, 46, 133] Thread-3 16426
T7 [0, 1, 0, 1, 0, 0, 1, 0, 0, 0] [136, 87, 87, 86, 1, 1, 47, 47, 46, 133] Thread-5 16499
T3 [0, 1, 0, 0, 0, 0, 1, 1, 0, 1] [136, 87, 87, 87, 1, 1, 47, 47, 46, 133] Thread-3 16509
T9 [1, 1, 0, 0, 0, 0, 1, 1, 0, 0] [136, 87, 87, 87, 1, 1, 47, 47, 46, 134] Thread-7 16509
T0 [0, 2, 0, 0, 0, 0, 1, 1, 0, 0] [137, 87, 87, 87, 1, 1, 47, 47, 46, 134] Thread-1 16510
T1 [0, 1, 1, 0, 0, 0, 1, 0, 0, 0] [137, 88, 87, 87, 1, 1, 47, 47, 46, 134] Thread-3 16511
T2 [0, 1, 0, 1, 0, 0, 1, 0, 0, 0] [137, 88, 88, 87, 1, 1, 47, 47, 46, 134] Thread-3 16611
T8 [0, 1, 0, 1, 0, 0, 0, 0, 1, 1] [137, 88, 88, 87, 1, 1, 47, 47, 47, 134] Thread-5 16642
T9 [1, 1, 0, 1, 0, 0, 0, 0, 1, 0] [137, 88, 88, 87, 1, 1, 47, 47, 47, 135] Thread-8 16642
T0 [0, 2, 0, 1, 0, 0, 0, 0, 1, 0] [138, 88, 88, 87, 1, 1, 47, 47, 47, 135] Thread-2 16643
T6 [0, 1, 0, 1, 0, 1, 0, 0, 0, 0] [138, 88, 88, 87, 1, 1, 48, 47, 47, 135] Thread-5 16644
T3 [0, 1, 0, 0, 0, 1, 0, 1, 0, 1] [138, 88, 88, 88, 1, 1, 48, 47, 47, 135] Thread-3 16694
T9 [1, 1, 0, 0, 0, 1, 0, 1, 0, 0] [138, 88, 88, 88, 1, 1, 48, 47, 47, 136] Thread-6 16694
T0 [0, 2, 0, 0, 0, 1, 0, 1, 0, 0] [139, 88, 88, 88, 1, 1, 48, 47, 47, 136] Thread-0 16695
T1 [0, 1, 1, 0, 0, 1, 0, 0, 0, 0] [139, 89, 88, 88, 1, 1, 48, 47, 47, 136] Thread-3 16696
T2 [0, 1, 0, 1, 0, 1, 0, 0, 0, 0] [139, 89, 89, 88, 1, 1, 48, 47, 47, 136] Thread-3 16798
T7 [0, 1, 0, 1, 0, 0, 1, 0, 0, 0] [139, 89, 89, 88, 1, 1, 48, 48, 47, 136] Thread-5 16845
T3 [0, 1, 0, 0, 0, 0, 1, 1, 0, 1] [139, 89, 89, 89, 1, 1, 48, 48, 47, 136] Thread-3 16877
T9 [1, 1, 0, 0, 0, 0, 1, 1, 0, 0] [139, 89, 89, 89, 1, 1, 48, 48, 47, 137] Thread-7 16879
T0 [0, 2, 0, 0, 0, 0, 1, 1, 0, 0] [140, 89, 89, 89, 1, 1, 48, 48, 47, 137] Thread-1 16880
T1 [0, 1, 1, 0, 0, 0, 1, 0, 0, 0] [140, 90, 89, 89, 1, 1, 48, 48, 47, 137] Thread-3 16880
T2 [0, 1, 0, 1, 0, 0, 1, 0, 0, 0] [140, 90, 90, 89, 1, 1, 48, 48, 47, 137] Thread-3 16981
T8 [0, 1, 0, 1, 0, 0, 0, 0, 1, 1] [140, 90, 90, 89, 1, 1, 48, 48, 48, 137] Thread-5 16987
T9 [1, 1, 0, 1, 0, 0, 0, 0, 1, 0] [140, 90, 90, 89, 1, 1, 48, 48, 48, 138] Thread-8 16988
T0 [0, 2, 0, 1, 0, 0, 0, 0, 1, 0] [141, 90, 90, 89, 1, 1, 48, 48, 48, 138] Thread-2 16989
T6 [0, 1, 0, 1, 0, 1, 0, 0, 0, 0] [141, 90, 90, 89, 1, 1, 49, 48, 48, 138] Thread-5 16989
T3 [0, 1, 0, 0, 0, 1, 0, 1, 0, 1] [141, 90, 90, 90, 1, 1, 49, 48, 48, 138] Thread-3 17063
T9 [1, 1, 0, 0, 0, 1, 0, 1, 0, 0] [141, 90, 90, 90, 1, 1, 49, 48, 48, 139] Thread-6 17065
T0 [0, 2, 0, 0, 0, 1, 0, 1, 0, 0] [142, 90, 90, 90, 1, 1, 49, 48, 48, 139] Thread-0 17066
T1 [0, 1, 1, 0, 0, 1, 0, 0, 0, 0] [142, 91, 90, 90, 1, 1, 49, 48, 48, 139] Thread-3 17066
T2 [0, 1, 0, 1, 0, 1, 0, 0, 0, 0] [142, 91, 91, 90, 1, 1, 49, 48, 48, 139] Thread-3 17167
T7 [0, 1, 0, 1, 0, 0, 1, 0, 0, 0] [142, 91, 91, 90, 1, 1, 49, 49, 48, 139] Thread-5 17190
T3 [0, 1, 0, 0, 0, 0, 1, 1, 0, 1] [142, 91, 91, 91, 1, 1, 49, 49, 48, 139] Thread-3 17248
T9 [1, 1, 0, 0, 0, 0, 1, 1, 0, 0] [142, 91, 91, 91, 1, 1, 49, 49, 48, 140] Thread-7 17248
T0 [0, 2, 0, 0, 0, 0, 1, 1, 0, 0] [143, 91, 91, 91, 1, 1, 49, 49, 48, 140] Thread-1 17249
T1 [0, 1, 1, 0, 0, 0, 1, 0, 0, 0] [143, 92, 91, 91, 1, 1, 49, 49, 48, 140] Thread-3 17250
T8 [0, 1, 1, 0, 0, 0, 0, 0, 1, 1] [143, 92, 91, 91, 1, 1, 49, 49, 49, 140] Thread-5 17332
T9 [1, 1, 1, 0, 0, 0, 0, 0, 1, 0] [143, 92, 91, 91, 1, 1, 49, 49, 49, 141] Thread-8 17332
T0 [0, 2, 1, 0, 0, 0, 0, 0, 1, 0] [144, 92, 91, 91, 1, 1, 49, 49, 49, 141] Thread-2 17334
T6 [0, 1, 1, 0, 0, 1, 0, 0, 0, 0] [144, 92, 91, 91, 1, 1, 50, 49, 49, 141] Thread-5 17334
T2 [0, 1, 0, 1, 0, 1, 0, 0, 0, 0] [144, 92, 92, 91, 1, 1, 50, 49, 49, 141] Thread-3 17352
T3 [0, 1, 0, 0, 0, 1, 0, 1, 0, 1] [144, 92, 92, 92, 1, 1, 50, 49, 49, 141] Thread-3 17434
T9 [1, 1, 0, 0, 0, 1, 0, 1, 0, 0] [144, 92, 92, 92, 1, 1, 50, 49, 49, 142] Thread-6 17435
T0 [0, 2, 0, 0, 0, 1, 0, 1, 0, 0] [145, 92, 92, 92, 1, 1, 50, 49, 49, 142] Thread-0 17436
T1 [0, 1, 1, 0, 0, 1, 0, 0, 0, 0] [145, 93, 92, 92, 1, 1, 50, 49, 49, 142] Thread-3 17437
T7 [0, 1, 1, 0, 0, 0, 1, 0, 0, 0] [145, 93, 92, 92, 1, 1, 50, 50, 49, 142] Thread-5 17535
T2 [0, 1, 0, 1, 0, 0, 1, 0, 0, 0] [145, 93, 93, 92, 1, 1, 50, 50, 49, 142] Thread-3 17537
T3 [0, 1, 0, 0, 0, 0, 1, 1, 0, 1] [145, 93, 93, 93, 1, 1, 50, 50, 49, 142] Thread-3 17618
T9 [1, 1, 0, 0, 0, 0, 1, 1, 0, 0] [145, 93, 93, 93, 1, 1, 50, 50, 49, 143] Thread-7 17619
T0 [0, 2, 0, 0, 0, 0, 1, 1, 0, 0] [146, 93, 93, 93, 1, 1, 50, 50, 49, 143] Thread-1 17620
T1 [0, 1, 1, 0, 0, 0, 1, 0, 0, 0] [146, 94, 93, 93, 1, 1, 50, 50, 49, 143] Thread-3 17620
T8 [0, 1, 1, 0, 0, 0, 0, 0, 1, 1] [146, 94, 93, 93, 1, 1, 50, 50, 50, 143] Thread-5 17677
T9 [1, 1, 1, 0, 0, 0, 0, 0, 1, 0] [146, 94, 93, 93, 1, 1, 50, 50, 50, 144] Thread-8 17679
T0 [0, 2, 1, 0, 0, 0, 0, 0, 1, 0] [147, 94, 93, 93, 1, 1, 50, 50, 50, 144] Thread-2 17679
T6 [0, 1, 1, 0, 0, 1, 0, 0, 0, 0] [147, 94, 93, 93, 1, 1, 51, 50, 50, 144] Thread-5 17680
T2 [0, 1, 0, 1, 0, 1, 0, 0, 0, 0] [147, 94, 94, 93, 1, 1, 51, 50, 50, 144] Thread-3 17721
T3 [0, 1, 0, 0, 0, 1, 0, 1, 0, 1] [147, 94, 94, 94, 1, 1, 51, 50, 50, 144] Thread-3 17801
T9 [1, 1, 0, 0, 0, 1, 0, 1, 0, 0] [147, 94, 94, 94, 1, 1, 51, 50, 50, 145] Thread-6 17802
T0 [0, 2, 0, 0, 0, 1, 0, 1, 0, 0] [148, 94, 94, 94, 1, 1, 51, 50, 50, 145] Thread-0 17803
T1 [0, 1, 1, 0, 0, 1, 0, 0, 0, 0] [148, 95, 94, 94, 1, 1, 51, 50, 50, 145] Thread-3 17804
T7 [0, 1, 1, 0, 0, 0, 1, 0, 0, 0] [148, 95, 94, 94, 1, 1, 51, 51, 50, 145] Thread-5 17881
T2 [0, 1, 0, 1, 0, 0, 1, 0, 0, 0] [148, 95, 95, 94, 1, 1, 51, 51, 50, 145] Thread-3 17906
T3 [0, 1, 0, 0, 0, 0, 1, 1, 0, 1] [148, 95, 95, 95, 1, 1, 51, 51, 50, 145] Thread-3 17988
T9 [1, 1, 0, 0, 0, 0, 1, 1, 0, 0] [148, 95, 95, 95, 1, 1, 51, 51, 50, 146] Thread-7 17989
T0 [0, 2, 0, 0, 0, 0, 1, 1, 0, 0] [149, 95, 95, 95, 1, 1, 51, 51, 50, 146] Thread-1 17990
T1 [0, 1, 1, 0, 0, 0, 1, 0, 0, 0] [149, 96, 95, 95, 1, 1, 51, 51, 50, 146] Thread-3 17991
T8 [0, 1, 1, 0, 0, 0, 0, 0, 1, 1] [149, 96, 95, 95, 1, 1, 51, 51, 51, 146] Thread-5 18023
T9 [1, 1, 1, 0, 0, 0, 0, 0, 1, 0] [149, 96, 95, 95, 1, 1, 51, 51, 51, 147] Thread-8 18023
T0 [0, 2, 1, 0, 0, 0, 0, 0, 1, 0] [150, 96, 95, 95, 1, 1, 51, 51, 51, 147] Thread-2 18024
T6 [0, 1, 1, 0, 0, 1, 0, 0, 0, 0] [150, 96, 95, 95, 1, 1, 52, 51, 51, 147] Thread-5 18025
T2 [0, 1, 0, 1, 0, 1, 0, 0, 0, 0] [150, 96, 96, 95, 1, 1, 52, 51, 51, 147] Thread-3 18093
T3 [0, 1, 0, 0, 0, 1, 0, 1, 0, 1] [150, 96, 96, 96, 1, 1, 52, 51, 51, 147] Thread-3 18173
T9 [1, 1, 0, 0, 0, 1, 0, 1, 0, 0] [150, 96, 96, 96, 1, 1, 52, 51, 51, 148] Thread-6 18175
T0 [0, 2, 0, 0, 0, 1, 0, 1, 0, 0] [151, 96, 96, 96, 1, 1, 52, 51, 51, 148] Thread-0 18176
T1 [0, 1, 1, 0, 0, 1, 0, 0, 0, 0] [151, 97, 96, 96, 1, 1, 52, 51, 51, 148] Thread-3 18179
T7 [0, 1, 1, 0, 0, 0, 1, 0, 0, 0] [151, 97, 96, 96, 1, 1, 52, 52, 51, 148] Thread-5 18226
T2 [0, 1, 0, 1, 0, 0, 1, 0, 0, 0] [151, 97, 97, 96, 1, 1, 52, 52, 51, 148] Thread-3 18280
T3 [0, 1, 0, 0, 0, 0, 1, 1, 0, 1] [151, 97, 97, 97, 1, 1, 52, 52, 51, 148] Thread-3 18362
T9 [1, 1, 0, 0, 0, 0, 1, 1, 0, 0] [151, 97, 97, 97, 1, 1, 52, 52, 51, 149] Thread-7 18362
T0 [0, 2, 0, 0, 0, 0, 1, 1, 0, 0] [152, 97, 97, 97, 1, 1, 52, 52, 51, 149] Thread-1 18363
T1 [0, 1, 1, 0, 0, 0, 1, 0, 0, 0] [152, 98, 97, 97, 1, 1, 52, 52, 51, 149] Thread-3 18365
T8 [0, 1, 1, 0, 0, 0, 0, 0, 1, 1] [152, 98, 97, 97, 1, 1, 52, 52, 52, 149] Thread-5 18367
T9 [1, 1, 1, 0, 0, 0, 0, 0, 1, 0] [152, 98, 97, 97, 1, 1, 52, 52, 52, 150] Thread-8 18368
T0 [0, 2, 1, 0, 0, 0, 0, 0, 1, 0] [153, 98, 97, 97, 1, 1, 52, 52, 52, 150] Thread-2 18369
T6 [0, 1, 1, 0, 0, 1, 0, 0, 0, 0] [153, 98, 97, 97, 1, 1, 53, 52, 52, 150] Thread-5 18370
T2 [0, 1, 0, 1, 0, 1, 0, 0, 0, 0] [153, 98, 98, 97, 1, 1, 53, 52, 52, 150] Thread-3 18464
T3 [0, 1, 0, 0, 0, 1, 0, 1, 0, 1] [153, 98, 98, 98, 1, 1, 53, 52, 52, 150] Thread-3 18545
T9 [1, 1, 0, 0, 0, 1, 0, 1, 0, 0] [153, 98, 98, 98, 1, 1, 53, 52, 52, 151] Thread-6 18545
T0 [0, 2, 0, 0, 0, 1, 0, 1, 0, 0] [154, 98, 98, 98, 1, 1, 53, 52, 52, 151] Thread-0 18546
T1 [0, 1, 1, 0, 0, 1, 0, 0, 0, 0] [154, 99, 98, 98, 1, 1, 53, 52, 52, 151] Thread-3 18547
T7 [0, 1, 1, 0, 0, 0, 1, 0, 0, 0] [154, 99, 98, 98, 1, 1, 53, 53, 52, 151] Thread-5 18571
T2 [0, 1, 0, 1, 0, 0, 1, 0, 0, 0] [154, 99, 99, 98, 1, 1, 53, 53, 52, 151] Thread-3 18648
T8 [0, 1, 0, 1, 0, 0, 0, 0, 1, 1] [154, 99, 99, 98, 1, 1, 53, 53, 53, 151] Thread-5 18714
T9 [1, 1, 0, 1, 0, 0, 0, 0, 1, 0] [154, 99, 99, 98, 1, 1, 53, 53, 53, 152] Thread-7 18715
T0 [0, 2, 0, 1, 0, 0, 0, 0, 1, 0] [155, 99, 99, 98, 1, 1, 53, 53, 53, 152] Thread-1 18716
T6 [0, 1, 0, 1, 0, 1, 0, 0, 0, 0] [155, 99, 99, 98, 1, 1, 54, 53, 53, 152] Thread-5 18716
T3 [0, 1, 0, 0, 0, 1, 0, 1, 0, 1] [155, 99, 99, 99, 1, 1, 54, 53, 53, 152] Thread-3 18729
T9 [1, 1, 0, 0, 0, 1, 0, 1, 0, 0] [155, 99, 99, 99, 1, 1, 54, 53, 53, 153] Thread-8 18730
T0 [0, 2, 0, 0, 0, 1, 0, 1, 0, 0] [156, 99, 99, 99, 1, 1, 54, 53, 53, 153] Thread-2 18731
T1 [0, 1, 1, 0, 0, 1, 0, 0, 0, 0] [156, 100, 99, 99, 1, 1, 54, 53, 53, 153] Thread-3 18731
T2 [0, 1, 0, 1, 0, 1, 0, 0, 0, 0] [156, 100, 100, 99, 1, 1, 54, 53, 53, 153] Thread-3 18833
T3 [0, 1, 0, 0, 0, 1, 0, 1, 0, 1] [156, 100, 100, 100, 1, 1, 54, 53, 53, 153] Thread-3 18913
T9 [1, 1, 0, 0, 0, 1, 0, 1, 0, 0] [156, 100, 100, 100, 1, 1, 54, 53, 53, 154] Thread-6 18914
T0 [0, 2, 0, 0, 0, 1, 0, 1, 0, 0] [157, 100, 100, 100, 1, 1, 54, 53, 53, 154] Thread-0 18915
T1 [0, 1, 1, 0, 0, 1, 0, 0, 0, 0] [157, 101, 100, 100, 1, 1, 54, 53, 53, 154] Thread-3 18916
T7 [0, 1, 1, 0, 0, 0, 1, 0, 0, 0] [157, 101, 100, 100, 1, 1, 54, 54, 53, 154] Thread-5 18917
T2 [0, 1, 0, 1, 0, 0, 1, 0, 0, 0] [157, 101, 101, 100, 1, 1, 54, 54, 53, 154] Thread-3 19017
T8 [0, 1, 0, 1, 0, 0, 0, 0, 1, 1] [157, 101, 101, 100, 1, 1, 54, 54, 54, 154] Thread-5 19059
T9 [1, 1, 0, 1, 0, 0, 0, 0, 1, 0] [157, 101, 101, 100, 1, 1, 54, 54, 54, 155] Thread-7 19059
T0 [0, 2, 0, 1, 0, 0, 0, 0, 1, 0] [158, 101, 101, 100, 1, 1, 54, 54, 54, 155] Thread-1 19060
T6 [0, 1, 0, 1, 0, 1, 0, 0, 0, 0] [158, 101, 101, 100, 1, 1, 55, 54, 54, 155] Thread-5 19061
T3 [0, 1, 0, 0, 0, 1, 0, 1, 0, 1] [158, 101, 101, 101, 1, 1, 55, 54, 54, 155] Thread-3 19098
T9 [1, 1, 0, 0, 0, 1, 0, 1, 0, 0] [158, 101, 101, 101, 1, 1, 55, 54, 54, 156] Thread-8 19099
T0 [0, 2, 0, 0, 0, 1, 0, 1, 0, 0] [159, 101, 101, 101, 1, 1, 55, 54, 54, 156] Thread-2 19099
T1 [0, 1, 1, 0, 0, 1, 0, 0, 0, 0] [159, 102, 101, 101, 1, 1, 55, 54, 54, 156] Thread-3 19100
T2 [0, 1, 0, 1, 0, 1, 0, 0, 0, 0] [159, 102, 102, 101, 1, 1, 55, 54, 54, 156] Thread-3 19201
T7 [0, 1, 0, 1, 0, 0, 1, 0, 0, 0] [159, 102, 102, 101, 1, 1, 55, 55, 54, 156] Thread-5 19262
T3 [0, 1, 0, 0, 0, 0, 1, 1, 0, 1] [159, 102, 102, 102, 1, 1, 55, 55, 54, 156] Thread-3 19284
T9 [1, 1, 0, 0, 0, 0, 1, 1, 0, 0] [159, 102, 102, 102, 1, 1, 55, 55, 54, 157] Thread-6 19285
T0 [0, 2, 0, 0, 0, 0, 1, 1, 0, 0] [160, 102, 102, 102, 1, 1, 55, 55, 54, 157] Thread-0 19286
T1 [0, 1, 1, 0, 0, 0, 1, 0, 0, 0] [160, 103, 102, 102, 1, 1, 55, 55, 54, 157] Thread-3 19286
T2 [0, 1, 0, 1, 0, 0, 1, 0, 0, 0] [160, 103, 103, 102, 1, 1, 55, 55, 54, 157] Thread-3 19388
T8 [0, 1, 0, 1, 0, 0, 0, 0, 1, 1] [160, 103, 103, 102, 1, 1, 55, 55, 55, 157] Thread-5 19402
T9 [1, 1, 0, 1, 0, 0, 0, 0, 1, 0] [160, 103, 103, 102, 1, 1, 55, 55, 55, 158] Thread-7 19404
T0 [0, 2, 0, 1, 0, 0, 0, 0, 1, 0] [161, 103, 103, 102, 1, 1, 55, 55, 55, 158] Thread-1 19405
T6 [0, 1, 0, 1, 0, 1, 0, 0, 0, 0] [161, 103, 103, 102, 1, 1, 56, 55, 55, 158] Thread-5 19405
T3 [0, 1, 0, 0, 0, 1, 0, 1, 0, 1] [161, 103, 103, 103, 1, 1, 56, 55, 55, 158] Thread-3 19468
T9 [1, 1, 0, 0, 0, 1, 0, 1, 0, 0] [161, 103, 103, 103, 1, 1, 56, 55, 55, 159] Thread-8 19469
T0 [0, 2, 0, 0, 0, 1, 0, 1, 0, 0] [162, 103, 103, 103, 1, 1, 56, 55, 55, 159] Thread-2 19470
T1 [0, 1, 1, 0, 0, 1, 0, 0, 0, 0] [162, 104, 103, 103, 1, 1, 56, 55, 55, 159] Thread-3 19471
T2 [0, 1, 0, 1, 0, 1, 0, 0, 0, 0] [162, 104, 104, 103, 1, 1, 56, 55, 55, 159] Thread-3 19572
T7 [0, 1, 0, 1, 0, 0, 1, 0, 0, 0] [162, 104, 104, 103, 1, 1, 56, 56, 55, 159] Thread-5 19606
T3 [0, 1, 0, 0, 0, 0, 1, 1, 0, 1] [162, 104, 104, 104, 1, 1, 56, 56, 55, 159] Thread-3 19652
T9 [1, 1, 0, 0, 0, 0, 1, 1, 0, 0] [162, 104, 104, 104, 1, 1, 56, 56, 55, 160] Thread-6 19653
T0 [0, 2, 0, 0, 0, 0, 1, 1, 0, 0] [163, 104, 104, 104, 1, 1, 56, 56, 55, 160] Thread-0 19654
T1 [0, 1, 1, 0, 0, 0, 1, 0, 0, 0] [163, 105, 104, 104, 1, 1, 56, 56, 55, 160] Thread-3 19655
T8 [0, 1, 1, 0, 0, 0, 0, 0, 1, 1] [163, 105, 104, 104, 1, 1, 56, 56, 56, 160] Thread-5 19748
T9 [1, 1, 1, 0, 0, 0, 0, 0, 1, 0] [163, 105, 104, 104, 1, 1, 56, 56, 56, 161] Thread-7 19748
T0 [0, 2, 1, 0, 0, 0, 0, 0, 1, 0] [164, 105, 104, 104, 1, 1, 56, 56, 56, 161] Thread-1 19750
T6 [0, 1, 1, 0, 0, 1, 0, 0, 0, 0] [164, 105, 104, 104, 1, 1, 57, 56, 56, 161] Thread-5 19751
T2 [0, 1, 0, 1, 0, 1, 0, 0, 0, 0] [164, 105, 105, 104, 1, 1, 57, 56, 56, 161] Thread-3 19756
T3 [0, 1, 0, 0, 0, 1, 0, 1, 0, 1] [164, 105, 105, 105, 1, 1, 57, 56, 56, 161] Thread-3 19838
T9 [1, 1, 0, 0, 0, 1, 0, 1, 0, 0] [164, 105, 105, 105, 1, 1, 57, 56, 56, 162] Thread-8 19838
T0 [0, 2, 0, 0, 0, 1, 0, 1, 0, 0] [165, 105, 105, 105, 1, 1, 57, 56, 56, 162] Thread-2 19839
T1 [0, 1, 1, 0, 0, 1, 0, 0, 0, 0] [165, 106, 105, 105, 1, 1, 57, 56, 56, 162] Thread-3 19840
T2 [0, 1, 0, 1, 0, 1, 0, 0, 0, 0] [165, 106, 106, 105, 1, 1, 57, 56, 56, 162] Thread-3 19941
T7 [0, 1, 0, 1, 0, 0, 1, 0, 0, 0] [165, 106, 106, 105, 1, 1, 57, 57, 56, 162] Thread-5 19950
T3 [0, 1, 0, 0, 0, 0, 1, 1, 0, 1] [165, 106, 106, 106, 1, 1, 57, 57, 56, 162] Thread-3 20021
T9 [1, 1, 0, 0, 0, 0, 1, 1, 0, 0] [165, 106, 106, 106, 1, 1, 57, 57, 56, 163] Thread-6 20021
T0 [0, 2, 0, 0, 0, 0, 1, 1, 0, 0] [166, 106, 106, 106, 1, 1, 57, 57, 56, 163] Thread-0 20023
T1 [0, 1, 1, 0, 0, 0, 1, 0, 0, 0] [166, 107, 106, 106, 1, 1, 57, 57, 56, 163] Thread-3 20024
T8 [0, 1, 1, 0, 0, 0, 0, 0, 1, 1] [166, 107, 106, 106, 1, 1, 57, 57, 57, 163] Thread-5 20091
T9 [1, 1, 1, 0, 0, 0, 0, 0, 1, 0] [166, 107, 106, 106, 1, 1, 57, 57, 57, 164] Thread-7 20092
T0 [0, 2, 1, 0, 0, 0, 0, 0, 1, 0] [167, 107, 106, 106, 1, 1, 57, 57, 57, 164] Thread-1 20092
T6 [0, 1, 1, 0, 0, 1, 0, 0, 0, 0] [167, 107, 106, 106, 1, 1, 58, 57, 57, 164] Thread-5 20094
T2 [0, 1, 0, 1, 0, 1, 0, 0, 0, 0] [167, 107, 107, 106, 1, 1, 58, 57, 57, 164] Thread-3 20125
T3 [0, 1, 0, 0, 0, 1, 0, 1, 0, 1] [167, 107, 107, 107, 1, 1, 58, 57, 57, 164] Thread-3 20204
T9 [1, 1, 0, 0, 0, 1, 0, 1, 0, 0] [167, 107, 107, 107, 1, 1, 58, 57, 57, 165] Thread-8 20205
T0 [0, 2, 0, 0, 0, 1, 0, 1, 0, 0] [168, 107, 107, 107, 1, 1, 58, 57, 57, 165] Thread-2 20206
T1 [0, 1, 1, 0, 0, 1, 0, 0, 0, 0] [168, 108, 107, 107, 1, 1, 58, 57, 57, 165] Thread-3 20207
T7 [0, 1, 1, 0, 0, 0, 1, 0, 0, 0] [168, 108, 107, 107, 1, 1, 58, 58, 57, 165] Thread-5 20294
T2 [0, 1, 0, 1, 0, 0, 1, 0, 0, 0] [168, 108, 108, 107, 1, 1, 58, 58, 57, 165] Thread-3 20309
T3 [0, 1, 0, 0, 0, 0, 1, 1, 0, 1] [168, 108, 108, 108, 1, 1, 58, 58, 57, 165] Thread-3 20389
T9 [1, 1, 0, 0, 0, 0, 1, 1, 0, 0] [168, 108, 108, 108, 1, 1, 58, 58, 57, 166] Thread-6 20390
T0 [0, 2, 0, 0, 0, 0, 1, 1, 0, 0] [169, 108, 108, 108, 1, 1, 58, 58, 57, 166] Thread-0 20391
T1 [0, 1, 1, 0, 0, 0, 1, 0, 0, 0] [169, 109, 108, 108, 1, 1, 58, 58, 57, 166] Thread-3 20391
T8 [0, 1, 1, 0, 0, 0, 0, 0, 1, 1] [169, 109, 108, 108, 1, 1, 58, 58, 58, 166] Thread-5 20435
T9 [1, 1, 1, 0, 0, 0, 0, 0, 1, 0] [169, 109, 108, 108, 1, 1, 58, 58, 58, 167] Thread-7 20435
T0 [0, 2, 1, 0, 0, 0, 0, 0, 1, 0] [170, 109, 108, 108, 1, 1, 58, 58, 58, 167] Thread-1 20436
T6 [0, 1, 1, 0, 0, 1, 0, 0, 0, 0] [170, 109, 108, 108, 1, 1, 59, 58, 58, 167] Thread-5 20437
T2 [0, 1, 0, 1, 0, 1, 0, 0, 0, 0] [170, 109, 109, 108, 1, 1, 59, 58, 58, 167] Thread-3 20493
T3 [0, 1, 0, 0, 0, 1, 0, 1, 0, 1] [170, 109, 109, 109, 1, 1, 59, 58, 58, 167] Thread-3 20575
T9 [1, 1, 0, 0, 0, 1, 0, 1, 0, 0] [170, 109, 109, 109, 1, 1, 59, 58, 58, 168] Thread-8 20575
T0 [0, 2, 0, 0, 0, 1, 0, 1, 0, 0] [171, 109, 109, 109, 1, 1, 59, 58, 58, 168] Thread-2 20576
T1 [0, 1, 1, 0, 0, 1, 0, 0, 0, 0] [171, 110, 109, 109, 1, 1, 59, 58, 58, 168] Thread-3 20577
T7 [0, 1, 1, 0, 0, 0, 1, 0, 0, 0] [171, 110, 109, 109, 1, 1, 59, 59, 58, 168] Thread-5 20638
T2 [0, 1, 0, 1, 0, 0, 1, 0, 0, 0] [171, 110, 110, 109, 1, 1, 59, 59, 58, 168] Thread-3 20679
T3 [0, 1, 0, 0, 0, 0, 1, 1, 0, 1] [171, 110, 110, 110, 1, 1, 59, 59, 58, 168] Thread-3 20761
T9 [1, 1, 0, 0, 0, 0, 1, 1, 0, 0] [171, 110, 110, 110, 1, 1, 59, 59, 58, 169] Thread-6 20762
T0 [0, 2, 0, 0, 0, 0, 1, 1, 0, 0] [172, 110, 110, 110, 1, 1, 59, 59, 58, 169] Thread-0 20763
T1 [0, 1, 1, 0, 0, 0, 1, 0, 0, 0] [172, 111, 110, 110, 1, 1, 59, 59, 58, 169] Thread-3 20765
T8 [0, 1, 1, 0, 0, 0, 0, 0, 1, 1] [172, 111, 110, 110, 1, 1, 59, 59, 59, 169] Thread-5 20780
T9 [1, 1, 1, 0, 0, 0, 0, 0, 1, 0] [172, 111, 110, 110, 1, 1, 59, 59, 59, 170] Thread-7 20781
T0 [0, 2, 1, 0, 0, 0, 0, 0, 1, 0] [173, 111, 110, 110, 1, 1, 59, 59, 59, 170] Thread-1 20782
T6 [0, 1, 1, 0, 0, 1, 0, 0, 0, 0] [173, 111, 110, 110, 1, 1, 60, 59, 59, 170] Thread-5 20783
T2 [0, 1, 0, 1, 0, 1, 0, 0, 0, 0] [173, 111, 111, 110, 1, 1, 60, 59, 59, 170] Thread-3 20866
T3 [0, 1, 0, 0, 0, 1, 0, 1, 0, 1] [173, 111, 111, 111, 1, 1, 60, 59, 59, 170] Thread-3 20948
T9 [1, 1, 0, 0, 0, 1, 0, 1, 0, 0] [173, 111, 111, 111, 1, 1, 60, 59, 59, 171] Thread-8 20948
T0 [0, 2, 0, 0, 0, 1, 0, 1, 0, 0] [174, 111, 111, 111, 1, 1, 60, 59, 59, 171] Thread-2 20949
T1 [0, 1, 1, 0, 0, 1, 0, 0, 0, 0] [174, 112, 111, 111, 1, 1, 60, 59, 59, 171] Thread-3 20950
T7 [0, 1, 1, 0, 0, 0, 1, 0, 0, 0] [174, 112, 111, 111, 1, 1, 60, 60, 59, 171] Thread-5 20984
T2 [0, 1, 0, 1, 0, 0, 1, 0, 0, 0] [174, 112, 112, 111, 1, 1, 60, 60, 59, 171] Thread-3 21052
T8 [0, 1, 0, 1, 0, 0, 0, 0, 1, 1] [174, 112, 112, 111, 1, 1, 60, 60, 60, 171] Thread-5 21126
T9 [1, 1, 0, 1, 0, 0, 0, 0, 1, 0] [174, 112, 112, 111, 1, 1, 60, 60, 60, 172] Thread-6 21127
T0 [0, 2, 0, 1, 0, 0, 0, 0, 1, 0] [175, 112, 112, 111, 1, 1, 60, 60, 60, 172] Thread-0 21127
T6 [0, 1, 0, 1, 0, 1, 0, 0, 0, 0] [175, 112, 112, 111, 1, 1, 61, 60, 60, 172] Thread-5 21128
T3 [0, 1, 0, 0, 0, 1, 0, 1, 0, 1] [175, 112, 112, 112, 1, 1, 61, 60, 60, 172] Thread-3 21132
T9 [1, 1, 0, 0, 0, 1, 0, 1, 0, 0] [175, 112, 112, 112, 1, 1, 61, 60, 60, 173] Thread-7 21133
T0 [0, 2, 0, 0, 0, 1, 0, 1, 0, 0] [176, 112, 112, 112, 1, 1, 61, 60, 60, 173] Thread-1 21134
T1 [0, 1, 1, 0, 0, 1, 0, 0, 0, 0] [176, 113, 112, 112, 1, 1, 61, 60, 60, 173] Thread-3 21135
T2 [0, 1, 0, 1, 0, 1, 0, 0, 0, 0] [176, 113, 113, 112, 1, 1, 61, 60, 60, 173] Thread-3 21236
T3 [0, 1, 0, 0, 0, 1, 0, 1, 0, 1] [176, 113, 113, 113, 1, 1, 61, 60, 60, 173] Thread-3 21318
T9 [1, 1, 0, 0, 0, 1, 0, 1, 0, 0] [176, 113, 113, 113, 1, 1, 61, 60, 60, 174] Thread-8 21319
T0 [0, 2, 0, 0, 0, 1, 0, 1, 0, 0] [177, 113, 113, 113, 1, 1, 61, 60, 60, 174] Thread-2 21319
T1 [0, 1, 1, 0, 0, 1, 0, 0, 0, 0] [177, 114, 113, 113, 1, 1, 61, 60, 60, 174] Thread-3 21320
T7 [0, 1, 1, 0, 0, 0, 1, 0, 0, 0] [177, 114, 113, 113, 1, 1, 61, 61, 60, 174] Thread-5 21328
T2 [0, 1, 0, 1, 0, 0, 1, 0, 0, 0] [177, 114, 114, 113, 1, 1, 61, 61, 60, 174] Thread-3 21422
T8 [0, 1, 0, 1, 0, 0, 0, 0, 1, 1] [177, 114, 114, 113, 1, 1, 61, 61, 61, 174] Thread-5 21470
T9 [1, 1, 0, 1, 0, 0, 0, 0, 1, 0] [177, 114, 114, 113, 1, 1, 61, 61, 61, 175] Thread-6 21470
T0 [0, 2, 0, 1, 0, 0, 0, 0, 1, 0] [178, 114, 114, 113, 1, 1, 61, 61, 61, 175] Thread-0 21471
T6 [0, 1, 0, 1, 0, 1, 0, 0, 0, 0] [178, 114, 114, 113, 1, 1, 62, 61, 61, 175] Thread-5 21473
T3 [0, 1, 0, 0, 0, 1, 0, 1, 0, 1] [178, 114, 114, 114, 1, 1, 62, 61, 61, 175] Thread-3 21503
T9 [1, 1, 0, 0, 0, 1, 0, 1, 0, 0] [178, 114, 114, 114, 1, 1, 62, 61, 61, 176] Thread-7 21504
T0 [0, 2, 0, 0, 0, 1, 0, 1, 0, 0] [179, 114, 114, 114, 1, 1, 62, 61, 61, 176] Thread-1 21504
T1 [0, 1, 1, 0, 0, 1, 0, 0, 0, 0] [179, 115, 114, 114, 1, 1, 62, 61, 61, 176] Thread-3 21505
T2 [0, 1, 0, 1, 0, 1, 0, 0, 0, 0] [179, 115, 115, 114, 1, 1, 62, 61, 61, 176] Thread-3 21609
T7 [0, 1, 0, 1, 0, 0, 1, 0, 0, 0] [179, 115, 115, 114, 1, 1, 62, 62, 61, 176] Thread-5 21673
T3 [0, 1, 0, 0, 0, 0, 1, 1, 0, 1] [179, 115, 115, 115, 1, 1, 62, 62, 61, 176] Thread-3 21691
T9 [1, 1, 0, 0, 0, 0, 1, 1, 0, 0] [179, 115, 115, 115, 1, 1, 62, 62, 61, 177] Thread-8 21692
T0 [0, 2, 0, 0, 0, 0, 1, 1, 0, 0] [180, 115, 115, 115, 1, 1, 62, 62, 61, 177] Thread-2 21692
T1 [0, 1, 1, 0, 0, 0, 1, 0, 0, 0] [180, 116, 115, 115, 1, 1, 62, 62, 61, 177] Thread-3 21694
T2 [0, 1, 0, 1, 0, 0, 1, 0, 0, 0] [180, 116, 116, 115, 1, 1, 62, 62, 61, 177] Thread-3 21793
T8 [0, 1, 0, 1, 0, 0, 0, 0, 1, 1] [180, 116, 116, 115, 1, 1, 62, 62, 62, 177] Thread-5 21813
T9 [1, 1, 0, 1, 0, 0, 0, 0, 1, 0] [180, 116, 116, 115, 1, 1, 62, 62, 62, 178] Thread-6 21815
T0 [0, 2, 0, 1, 0, 0, 0, 0, 1, 0] [181, 116, 116, 115, 1, 1, 62, 62, 62, 178] Thread-0 21816
T6 [0, 1, 0, 1, 0, 1, 0, 0, 0, 0] [181, 116, 116, 115, 1, 1, 63, 62, 62, 178] Thread-5 21817
T3 [0, 1, 0, 0, 0, 1, 0, 1, 0, 1] [181, 116, 116, 116, 1, 1, 63, 62, 62, 178] Thread-3 21873
T9 [1, 1, 0, 0, 0, 1, 0, 1, 0, 0] [181, 116, 116, 116, 1, 1, 63, 62, 62, 179] Thread-7 21875
T0 [0, 2, 0, 0, 0, 1, 0, 1, 0, 0] [182, 116, 116, 116, 1, 1, 63, 62, 62, 179] Thread-1 21876
T1 [0, 1, 1, 0, 0, 1, 0, 0, 0, 0] [182, 117, 116, 116, 1, 1, 63, 62, 62, 179] Thread-3 21877
T2 [0, 1, 0, 1, 0, 1, 0, 0, 0, 0] [182, 117, 117, 116, 1, 1, 63, 62, 62, 179] Thread-3 21980
T7 [0, 1, 0, 1, 0, 0, 1, 0, 0, 0] [182, 117, 117, 116, 1, 1, 63, 63, 62, 179] Thread-5 22020
T3 [0, 1, 0, 0, 0, 0, 1, 1, 0, 1] [182, 117, 117, 117, 1, 1, 63, 63, 62, 179] Thread-3 22062
T9 [1, 1, 0, 0, 0, 0, 1, 1, 0, 0] [182, 117, 117, 117, 1, 1, 63, 63, 62, 180] Thread-8 22063
T0 [0, 2, 0, 0, 0, 0, 1, 1, 0, 0] [183, 117, 117, 117, 1, 1, 63, 63, 62, 180] Thread-2 22065
T1 [0, 1, 1, 0, 0, 0, 1, 0, 0, 0] [183, 118, 117, 117, 1, 1, 63, 63, 62, 180] Thread-3 22066
T8 [0, 1, 1, 0, 0, 0, 0, 0, 1, 1] [183, 118, 117, 117, 1, 1, 63, 63, 63, 180] Thread-5 22162
T9 [1, 1, 1, 0, 0, 0, 0, 0, 1, 0] [183, 118, 117, 117, 1, 1, 63, 63, 63, 181] Thread-6 22163
T0 [0, 2, 1, 0, 0, 0, 0, 0, 1, 0] [184, 118, 117, 117, 1, 1, 63, 63, 63, 181] Thread-0 22164
T6 [0, 1, 1, 0, 0, 1, 0, 0, 0, 0] [184, 118, 117, 117, 1, 1, 64, 63, 63, 181] Thread-5 22165
T2 [0, 1, 0, 1, 0, 1, 0, 0, 0, 0] [184, 118, 118, 117, 1, 1, 64, 63, 63, 181] Thread-3 22166
T3 [0, 1, 0, 0, 0, 1, 0, 1, 0, 1] [184, 118, 118, 118, 1, 1, 64, 63, 63, 181] Thread-3 22247
T9 [1, 1, 0, 0, 0, 1, 0, 1, 0, 0] [184, 118, 118, 118, 1, 1, 64, 63, 63, 182] Thread-7 22248
T0 [0, 2, 0, 0, 0, 1, 0, 1, 0, 0] [185, 118, 118, 118, 1, 1, 64, 63, 63, 182] Thread-1 22249
T1 [0, 1, 1, 0, 0, 1, 0, 0, 0, 0] [185, 119, 118, 118, 1, 1, 64, 63, 63, 182] Thread-3 22250
T2 [0, 1, 0, 1, 0, 1, 0, 0, 0, 0] [185, 119, 119, 118, 1, 1, 64, 63, 63, 182] Thread-3 22350
T7 [0, 1, 0, 1, 0, 0, 1, 0, 0, 0] [185, 119, 119, 118, 1, 1, 64, 64, 63, 182] Thread-5 22366
T3 [0, 1, 0, 0, 0, 0, 1, 1, 0, 1] [185, 119, 119, 119, 1, 1, 64, 64, 63, 182] Thread-3 22431
T9 [1, 1, 0, 0, 0, 0, 1, 1, 0, 0] [185, 119, 119, 119, 1, 1, 64, 64, 63, 183] Thread-8 22432
T0 [0, 2, 0, 0, 0, 0, 1, 1, 0, 0] [186, 119, 119, 119, 1, 1, 64, 64, 63, 183] Thread-2 22433
T1 [0, 1, 1, 0, 0, 0, 1, 0, 0, 0] [186, 120, 119, 119, 1, 1, 64, 64, 63, 183] Thread-3 22433
T8 [0, 1, 1, 0, 0, 0, 0, 0, 1, 1] [186, 120, 119, 119, 1, 1, 64, 64, 64, 183] Thread-5 22507
T9 [1, 1, 1, 0, 0, 0, 0, 0, 1, 0] [186, 120, 119, 119, 1, 1, 64, 64, 64, 184] Thread-6 22508
T0 [0, 2, 1, 0, 0, 0, 0, 0, 1, 0] [187, 120, 119, 119, 1, 1, 64, 64, 64, 184] Thread-0 22508
T6 [0, 1, 1, 0, 0, 1, 0, 0, 0, 0] [187, 120, 119, 119, 1, 1, 65, 64, 64, 184] Thread-5 22509
T2 [0, 1, 0, 1, 0, 1, 0, 0, 0, 0] [187, 120, 120, 119, 1, 1, 65, 64, 64, 184] Thread-3 22534
T3 [0, 1, 0, 0, 0, 1, 0, 1, 0, 1] [187, 120, 120, 120, 1, 1, 65, 64, 64, 184] Thread-3 22615
T9 [1, 1, 0, 0, 0, 1, 0, 1, 0, 0] [187, 120, 120, 120, 1, 1, 65, 64, 64, 185] Thread-7 22615
T0 [0, 2, 0, 0, 0, 1, 0, 1, 0, 0] [188, 120, 120, 120, 1, 1, 65, 64, 64, 185] Thread-1 22616
T1 [0, 1, 1, 0, 0, 1, 0, 0, 0, 0] [188, 121, 120, 120, 1, 1, 65, 64, 64, 185] Thread-3 22617
T7 [0, 1, 1, 0, 0, 0, 1, 0, 0, 0] [188, 121, 120, 120, 1, 1, 65, 65, 64, 185] Thread-5 22711
T2 [0, 1, 0, 1, 0, 0, 1, 0, 0, 0] [188, 121, 121, 120, 1, 1, 65, 65, 64, 185] Thread-3 22718
T3 [0, 1, 0, 0, 0, 0, 1, 1, 0, 1] [188, 121, 121, 121, 1, 1, 65, 65, 64, 185] Thread-3 22799
T9 [1, 1, 0, 0, 0, 0, 1, 1, 0, 0] [188, 121, 121, 121, 1, 1, 65, 65, 64, 186] Thread-8 22799
T0 [0, 2, 0, 0, 0, 0, 1, 1, 0, 0] [189, 121, 121, 121, 1, 1, 65, 65, 64, 186] Thread-2 22800
T1 [0, 1, 1, 0, 0, 0, 1, 0, 0, 0] [189, 122, 121, 121, 1, 1, 65, 65, 64, 186] Thread-3 22802
T8 [0, 1, 1, 0, 0, 0, 0, 0, 1, 1] [189, 122, 121, 121, 1, 1, 65, 65, 65, 186] Thread-5 22852
T9 [1, 1, 1, 0, 0, 0, 0, 0, 1, 0] [189, 122, 121, 121, 1, 1, 65, 65, 65, 187] Thread-6 22853
T0 [0, 2, 1, 0, 0, 0, 0, 0, 1, 0] [190, 122, 121, 121, 1, 1, 65, 65, 65, 187] Thread-0 22853
T6 [0, 1, 1, 0, 0, 1, 0, 0, 0, 0] [190, 122, 121, 121, 1, 1, 66, 65, 65, 187] Thread-5 22854
T2 [0, 1, 0, 1, 0, 1, 0, 0, 0, 0] [190, 122, 122, 121, 1, 1, 66, 65, 65, 187] Thread-3 22901
T3 [0, 1, 0, 0, 0, 1, 0, 1, 0, 1] [190, 122, 122, 122, 1, 1, 66, 65, 65, 187] Thread-3 22983
T9 [1, 1, 0, 0, 0, 1, 0, 1, 0, 0] [190, 122, 122, 122, 1, 1, 66, 65, 65, 188] Thread-7 22984
T0 [0, 2, 0, 0, 0, 1, 0, 1, 0, 0] [191, 122, 122, 122, 1, 1, 66, 65, 65, 188] Thread-1 22985
T1 [0, 1, 1, 0, 0, 1, 0, 0, 0, 0] [191, 123, 122, 122, 1, 1, 66, 65, 65, 188] Thread-3 22986
T7 [0, 1, 1, 0, 0, 0, 1, 0, 0, 0] [191, 123, 122, 122, 1, 1, 66, 66, 65, 188] Thread-5 23055
T2 [0, 1, 0, 1, 0, 0, 1, 0, 0, 0] [191, 123, 123, 122, 1, 1, 66, 66, 65, 188] Thread-3 23086
T3 [0, 1, 0, 0, 0, 0, 1, 1, 0, 1] [191, 123, 123, 123, 1, 1, 66, 66, 65, 188] Thread-3 23167
T9 [1, 1, 0, 0, 0, 0, 1, 1, 0, 0] [191, 123, 123, 123, 1, 1, 66, 66, 65, 189] Thread-8 23167
T0 [0, 2, 0, 0, 0, 0, 1, 1, 0, 0] [192, 123, 123, 123, 1, 1, 66, 66, 65, 189] Thread-2 23169
T1 [0, 1, 1, 0, 0, 0, 1, 0, 0, 0] [192, 124, 123, 123, 1, 1, 66, 66, 65, 189] Thread-3 23170
T8 [0, 1, 1, 0, 0, 0, 0, 0, 1, 1] [192, 124, 123, 123, 1, 1, 66, 66, 66, 189] Thread-5 23196
T9 [1, 1, 1, 0, 0, 0, 0, 0, 1, 0] [192, 124, 123, 123, 1, 1, 66, 66, 66, 190] Thread-6 23196
T0 [0, 2, 1, 0, 0, 0, 0, 0, 1, 0] [193, 124, 123, 123, 1, 1, 66, 66, 66, 190] Thread-0 23198
T6 [0, 1, 1, 0, 0, 1, 0, 0, 0, 0] [193, 124, 123, 123, 1, 1, 67, 66, 66, 190] Thread-5 23198
T2 [0, 1, 0, 1, 0, 1, 0, 0, 0, 0] [193, 124, 124, 123, 1, 1, 67, 66, 66, 190] Thread-3 23271
T3 [0, 1, 0, 0, 0, 1, 0, 1, 0, 1] [193, 124, 124, 124, 1, 1, 67, 66, 66, 190] Thread-3 23351
T9 [1, 1, 0, 0, 0, 1, 0, 1, 0, 0] [193, 124, 124, 124, 1, 1, 67, 66, 66, 191] Thread-7 23352
T0 [0, 2, 0, 0, 0, 1, 0, 1, 0, 0] [194, 124, 124, 124, 1, 1, 67, 66, 66, 191] Thread-1 23353
T1 [0, 1, 1, 0, 0, 1, 0, 0, 0, 0] [194, 125, 124, 124, 1, 1, 67, 66, 66, 191] Thread-3 23354
T7 [0, 1, 1, 0, 0, 0, 1, 0, 0, 0] [194, 125, 124, 124, 1, 1, 67, 67, 66, 191] Thread-5 23400
T2 [0, 1, 0, 1, 0, 0, 1, 0, 0, 0] [194, 125, 125, 124, 1, 1, 67, 67, 66, 191] Thread-3 23455
T3 [0, 1, 0, 0, 0, 0, 1, 1, 0, 1] [194, 125, 125, 125, 1, 1, 67, 67, 66, 191] Thread-3 23536
T9 [1, 1, 0, 0, 0, 0, 1, 1, 0, 0] [194, 125, 125, 125, 1, 1, 67, 67, 66, 192] Thread-8 23536
T0 [0, 2, 0, 0, 0, 0, 1, 1, 0, 0] [195, 125, 125, 125, 1, 1, 67, 67, 66, 192] Thread-2 23537
T1 [0, 1, 1, 0, 0, 0, 1, 0, 0, 0] [195, 126, 125, 125, 1, 1, 67, 67, 66, 192] Thread-3 23538
T8 [0, 1, 1, 0, 0, 0, 0, 0, 1, 1] [195, 126, 125, 125, 1, 1, 67, 67, 67, 192] Thread-5 23539
T9 [1, 1, 1, 0, 0, 0, 0, 0, 1, 0] [195, 126, 125, 125, 1, 1, 67, 67, 67, 193] Thread-6 23539
T0 [0, 2, 1, 0, 0, 0, 0, 0, 1, 0] [196, 126, 125, 125, 1, 1, 67, 67, 67, 193] Thread-0 23541
T6 [0, 1, 1, 0, 0, 1, 0, 0, 0, 0] [196, 126, 125, 125, 1, 1, 68, 67, 67, 193] Thread-5 23541
T2 [0, 1, 0, 1, 0, 1, 0, 0, 0, 0] [196, 126, 126, 125, 1, 1, 68, 67, 67, 193] Thread-3 23641
T3 [0, 1, 0, 0, 0, 1, 0, 1, 0, 1] [196, 126, 126, 126, 1, 1, 68, 67, 67, 193] Thread-3 23722
T9 [1, 1, 0, 0, 0, 1, 0, 1, 0, 0] [196, 126, 126, 126, 1, 1, 68, 67, 67, 194] Thread-7 23723
T0 [0, 2, 0, 0, 0, 1, 0, 1, 0, 0] [197, 126, 126, 126, 1, 1, 68, 67, 67, 194] Thread-1 23723
T1 [0, 1, 1, 0, 0, 1, 0, 0, 0, 0] [197, 127, 126, 126, 1, 1, 68, 67, 67, 194] Thread-3 23724
T7 [0, 1, 1, 0, 0, 0, 1, 0, 0, 0] [197, 127, 126, 126, 1, 1, 68, 68, 67, 194] Thread-5 23742
T2 [0, 1, 0, 1, 0, 0, 1, 0, 0, 0] [197, 127, 127, 126, 1, 1, 68, 68, 67, 194] Thread-3 23825
T8 [0, 1, 0, 1, 0, 0, 0, 0, 1, 1] [197, 127, 127, 126, 1, 1, 68, 68, 68, 194] Thread-5 23884
T9 [1, 1, 0, 1, 0, 0, 0, 0, 1, 0] [197, 127, 127, 126, 1, 1, 68, 68, 68, 195] Thread-8 23885
T0 [0, 2, 0, 1, 0, 0, 0, 0, 1, 0] [198, 127, 127, 126, 1, 1, 68, 68, 68, 195] Thread-2 23886
T6 [0, 1, 0, 1, 0, 1, 0, 0, 0, 0] [198, 127, 127, 126, 1, 1, 69, 68, 68, 195] Thread-5 23887
T3 [0, 1, 0, 0, 0, 1, 0, 1, 0, 1] [198, 127, 127, 127, 1, 1, 69, 68, 68, 195] Thread-3 23906
T9 [1, 1, 0, 0, 0, 1, 0, 1, 0, 0] [198, 127, 127, 127, 1, 1, 69, 68, 68, 196] Thread-6 23907
T0 [0, 2, 0, 0, 0, 1, 0, 1, 0, 0] [199, 127, 127, 127, 1, 1, 69, 68, 68, 196] Thread-0 23908
T1 [0, 1, 1, 0, 0, 1, 0, 0, 0, 0] [199, 128, 127, 127, 1, 1, 69, 68, 68, 196] Thread-3 23909
T2 [0, 1, 0, 1, 0, 1, 0, 0, 0, 0] [199, 128, 128, 127, 1, 1, 69, 68, 68, 196] Thread-3 24010
T7 [0, 1, 0, 1, 0, 0, 1, 0, 0, 0] [199, 128, 128, 127, 1, 1, 69, 69, 68, 196] Thread-5 24091
T3 [0, 1, 0, 0, 0, 0, 1, 1, 0, 1] [199, 128, 128, 128, 1, 1, 69, 69, 68, 196] Thread-3 24093
T9 [1, 1, 0, 0, 0, 0, 1, 1, 0, 0] [199, 128, 128, 128, 1, 1, 69, 69, 68, 197] Thread-7 24094
T0 [0, 2, 0, 0, 0, 0, 1, 1, 0, 0] [200, 128, 128, 128, 1, 1, 69, 69, 68, 197] Thread-1 24096
T1 [0, 1, 1, 0, 0, 0, 1, 0, 0, 0] [200, 129, 128, 128, 1, 1, 69, 69, 68, 197] Thread-3 24097
T2 [0, 1, 0, 1, 0, 0, 1, 0, 0, 0] [200, 129, 129, 128, 1, 1, 69, 69, 68, 197] Thread-3 24199
T8 [0, 1, 0, 1, 0, 0, 0, 0, 1, 1] [200, 129, 129, 128, 1, 1, 69, 69, 69, 197] Thread-5 24231
T9 [1, 1, 0, 1, 0, 0, 0, 0, 1, 0] [200, 129, 129, 128, 1, 1, 69, 69, 69, 198] Thread-8 24232
T6 [1, 0, 0, 1, 0, 1, 0, 0, 0, 0] [200, 129, 129, 128, 1, 1, 70, 69, 69, 198] Thread-5 24232
T3 [1, 0, 0, 0, 0, 1, 0, 1, 0, 1] [200, 129, 129, 129, 1, 1, 70, 69, 69, 198] Thread-3 24281
T9 [2, 0, 0, 0, 0, 1, 0, 1, 0, 0] [200, 129, 129, 129, 1, 1, 70, 69, 69, 199] Thread-6 24281
T7 [2, 0, 0, 0, 0, 0, 1, 1, 0, 0] [200, 129, 129, 129, 1, 1, 70, 70, 69, 199] Thread-5 24435
T8 [2, 0, 0, 0, 0, 0, 0, 1, 1, 1] [200, 129, 129, 129, 1, 1, 70, 70, 70, 199] Thread-5 24578
T9 [3, 0, 0, 0, 0, 0, 0, 1, 1, 0] [200, 129, 129, 129, 1, 1, 70, 70, 70, 200] Thread-7 24578
